0.237412 -0.058711 0.000000 0.998275 
0.276620 -0.000088 0.000880 1.000000 
0.315829 0.000000 0.000000 1.000000 
0.355038 0.000000 0.000000 1.000000 
0.394246 0.000000 0.000000 1.000000 
0.433455 0.000000 0.000000 1.000000 
0.472664 0.000000 0.000000 1.000000 
0.511872 0.000000 0.000000 1.000000 
0.551081 0.000000 0.000000 1.000000 
0.590289 0.000000 0.000000 1.000000 
0.629498 0.000000 0.000000 1.000000 
0.668707 0.000000 0.000000 1.000000 
0.707915 0.000000 0.000000 1.000000 
0.747124 0.000000 0.000000 1.000000 
0.786333 0.000000 0.000000 1.000000 
0.825541 0.000000 0.000000 1.000000 
0.864750 0.000000 0.000000 1.000000 
0.903958 0.000000 0.000000 1.000000 
0.943167 0.000000 0.000000 1.000000 
0.982376 0.000000 0.000000 1.000000 
1.021584 0.000000 0.000000 1.000000 
1.060793 0.000000 0.000000 1.000000 
1.100002 0.000000 0.000000 1.000000 
1.139210 0.000000 0.000000 1.000000 
1.178419 0.000000 0.000000 1.000000 
1.217627 0.000000 0.000000 1.000000 
1.256836 0.000000 0.000000 1.000000 
1.296045 0.000000 0.000000 1.000000 
1.335253 0.000000 0.000000 1.000000 
1.374462 0.000000 0.000000 1.000000 
1.413671 0.000000 0.000000 1.000000 
1.452879 0.000000 0.000000 1.000000 
1.492088 0.000000 0.000000 1.000000 
1.531296 0.000000 0.000000 1.000000 
1.570505 0.000000 0.000000 1.000000 
1.609714 0.000000 0.000000 1.000000 
1.648922 0.000000 0.000000 1.000000 
1.688131 0.000000 0.000000 1.000000 
1.727340 0.000000 0.000000 1.000000 
1.766548 0.000000 0.000000 1.000000 
1.805757 0.000000 0.000000 1.000000 
1.844966 0.000000 0.000000 1.000000 
1.884174 0.000000 0.000000 1.000000 
1.923383 0.000000 0.000000 1.000000 
1.962591 0.000000 0.000000 1.000000 
2.001800 0.000000 0.000000 1.000000 
2.041009 0.000000 0.000000 1.000000 
2.080217 0.000000 0.000000 1.000000 
2.119426 0.000000 0.000000 1.000000 
2.158635 0.000000 0.000000 1.000000 
2.197843 0.000000 0.000000 1.000000 
2.237052 0.000000 0.000000 1.000000 
2.276260 0.000000 0.000000 1.000000 
2.315469 0.000000 0.000000 1.000000 
2.354678 0.000000 0.000000 1.000000 
2.393886 0.000000 0.000000 1.000000 
2.433095 0.000000 0.000000 1.000000 
2.472304 0.000000 0.000000 1.000000 
2.511512 0.000000 0.000000 1.000000 
2.550721 0.000000 0.000000 1.000000 
2.589929 0.000000 0.000000 1.000000 
2.629138 0.000000 0.000000 1.000000 
2.668347 0.000000 0.000000 1.000000 
2.707555 0.000000 0.000000 1.000000 
2.746764 0.000000 0.000000 1.000000 
2.785973 0.000000 0.000000 1.000000 
2.825181 0.000000 0.000000 1.000000 
2.864390 0.000000 0.000000 1.000000 
2.903598 0.000000 0.000000 1.000000 
2.942807 0.000000 0.000000 1.000000 
2.982016 0.000000 0.000000 1.000000 
3.021224 0.000000 0.000000 1.000000 
3.060433 0.000000 0.000000 1.000000 
3.099642 0.000000 0.000000 1.000000 
3.138850 0.000000 0.000000 1.000000 
3.178059 0.000000 0.000000 1.000000 
3.217267 0.000000 0.000000 1.000000 
3.256476 0.000000 0.000000 1.000000 
3.295685 0.000000 0.000000 1.000000 
3.334893 0.000000 0.000000 1.000000 
3.374102 0.000000 0.000000 1.000000 
3.413311 0.000000 0.000000 1.000000 
3.452519 0.000000 0.000000 1.000000 
3.491728 0.000000 0.000000 1.000000 
3.530936 0.000000 0.000000 1.000000 
3.570145 0.000000 0.000000 1.000000 
3.609354 0.000000 0.000000 1.000000 
3.648562 0.000000 0.000000 1.000000 
3.687771 0.000000 0.000000 1.000000 
3.726980 0.000000 0.000000 1.000000 
3.766188 0.000000 0.000000 1.000000 
3.805397 0.000000 0.000000 1.000000 
3.844606 0.000000 0.000000 1.000000 
3.883814 0.000000 0.000000 1.000000 
3.923023 0.000000 0.000000 1.000000 
3.962231 0.000000 0.000000 1.000000 
4.001440 0.000000 0.000000 1.000000 
4.040649 0.000000 0.000000 1.000000 
4.079857 0.000000 0.000000 1.000000 
4.119066 0.000000 0.000000 1.000000 
4.158275 0.000000 0.000000 1.000000 
4.197483 0.000000 0.000000 1.000000 
4.236692 0.000000 0.000000 1.000000 
4.275900 0.000000 0.000000 1.000000 
4.315109 0.000000 0.000000 1.000000 
4.354318 0.000000 0.000000 1.000000 
4.393526 0.000000 0.000000 1.000000 
4.432735 0.000000 0.000000 1.000000 
4.471944 0.000000 0.000000 1.000000 
4.511152 0.000000 0.000000 1.000000 
4.550361 0.000000 0.000000 1.000000 
4.589569 0.000000 0.000000 1.000000 
4.628778 0.000000 0.000000 1.000000 
4.667987 0.000000 0.000000 1.000000 
4.707195 0.000000 0.000000 1.000000 
4.746404 0.000000 0.000000 1.000000 
4.785613 0.000000 0.000000 1.000000 
4.824821 0.000000 0.000000 1.000000 
4.864030 0.000000 0.000000 1.000000 
4.903238 0.000000 0.000000 1.000000 
4.942447 0.000000 0.000000 1.000000 
4.981656 0.000000 0.000000 1.000000 
5.020864 0.000000 0.000000 1.000000 
5.060073 0.000000 0.000000 1.000000 
5.099282 0.000000 0.000000 1.000000 
5.138490 0.000000 0.000000 1.000000 
5.177699 0.000000 0.000000 1.000000 
5.216907 0.000000 0.000000 1.000000 
5.256116 0.000000 0.000000 1.000000 
5.295325 0.000000 0.000000 1.000000 
5.334533 0.000000 0.000000 1.000000 
5.373742 0.000000 0.000000 1.000000 
5.412951 0.000000 0.000000 1.000000 
5.452159 0.000000 0.000000 1.000000 
5.491368 0.000000 0.000000 1.000000 
5.530576 0.000000 0.000000 1.000000 
5.569785 0.000000 0.000000 1.000000 
5.608994 0.000000 0.000000 1.000000 
5.648202 0.000000 0.000000 1.000000 
5.687411 0.000000 0.000000 1.000000 
5.726620 0.000000 0.000000 1.000000 
5.765828 0.000000 0.000000 1.000000 
5.805037 0.000000 0.000000 1.000000 
5.844246 0.000000 0.000000 1.000000 
5.883454 0.000000 0.000000 1.000000 
5.922663 0.000000 0.000000 1.000000 
5.961871 0.000000 0.000000 1.000000 
6.001080 0.000000 0.000000 1.000000 
6.040289 0.000000 0.000000 1.000000 
6.079497 0.000095 -0.000950 1.000000 
6.118706 0.058711 0.000000 0.998275 
