0.237412 -0.146791 -0.000001 0.989168 
0.276620 -0.122783 -0.000001 0.992433 
0.315829 -0.104392 -0.000001 0.994536 
0.355038 -0.089865 -0.000001 0.995954 
0.394246 -0.078119 -0.000000 0.996944 
0.433455 -0.068441 0.000000 0.997655 
0.472664 -0.060346 0.000001 0.998177 
0.511872 -0.053492 0.000002 0.998568 
0.551081 -0.047628 0.000003 0.998865 
0.590289 -0.042566 0.000004 0.999094 
0.629498 -0.038166 0.000005 0.999271 
0.668707 -0.034315 0.000007 0.999411 
0.707915 -0.030926 0.000009 0.999522 
0.747124 -0.027929 0.000010 0.999610 
0.786333 -0.025267 0.000012 0.999681 
0.825541 -0.022893 0.000014 0.999738 
0.864750 -0.020769 0.000016 0.999784 
0.903958 -0.018863 0.000018 0.999822 
0.943167 -0.017147 0.000020 0.999853 
0.982376 -0.015598 0.000022 0.999878 
1.021584 -0.014196 0.000024 0.999899 
1.060793 -0.012925 0.000026 0.999916 
1.100002 -0.011769 0.000028 0.999931 
1.139210 -0.010715 0.000030 0.999943 
1.178419 -0.009754 0.000031 0.999952 
1.217627 -0.008874 0.000033 0.999961 
1.256836 -0.008068 0.000034 0.999967 
1.296045 -0.007327 0.000035 0.999973 
1.335253 -0.006645 0.000036 0.999978 
1.374462 -0.006015 0.000037 0.999982 
1.413671 -0.005433 0.000038 0.999985 
1.452879 -0.004894 0.000038 0.999988 
1.492088 -0.004393 0.000038 0.999990 
1.531296 -0.003926 0.000038 0.999992 
1.570505 -0.003490 0.000038 0.999994 
1.609714 -0.003081 0.000037 0.999995 
1.648922 -0.002697 0.000036 0.999996 
1.688131 -0.002334 0.000035 0.999997 
1.727340 -0.001991 0.000034 0.999998 
1.766548 -0.001665 0.000032 0.999999 
1.805757 -0.001354 0.000030 0.999999 
1.844966 -0.001055 0.000028 0.999999 
1.884174 -0.000768 0.000026 1.000000 
1.923383 -0.000490 0.000023 1.000000 
1.962591 -0.000220 0.000021 1.000000 
2.001800 0.000044 0.000018 1.000000 
2.041009 0.000303 0.000015 1.000000 
2.080217 0.000559 0.000012 1.000000 
2.119426 0.000812 0.000009 1.000000 
2.158635 0.001065 0.000006 0.999999 
2.197843 0.001319 0.000002 0.999999 
2.237052 0.001574 -0.000001 0.999999 
2.276260 0.001832 -0.000004 0.999998 
2.315469 0.002094 -0.000008 0.999998 
2.354678 0.002361 -0.000011 0.999997 
2.393886 0.002635 -0.000014 0.999997 
2.433095 0.002916 -0.000018 0.999996 
2.472304 0.003206 -0.000021 0.999995 
2.511512 0.003506 -0.000024 0.999994 
2.550721 0.003817 -0.000027 0.999993 
2.589929 0.004140 -0.000030 0.999991 
2.629138 0.004477 -0.000033 0.999990 
2.668347 0.004829 -0.000036 0.999988 
2.707555 0.005197 -0.000039 0.999986 
2.746764 0.005583 -0.000041 0.999984 
2.785973 0.005987 -0.000044 0.999982 
2.825181 0.006413 -0.000046 0.999979 
2.864390 0.006860 -0.000048 0.999976 
2.903598 0.007331 -0.000050 0.999973 
2.942807 0.007828 -0.000052 0.999969 
2.982016 0.008352 -0.000054 0.999965 
3.021224 0.008905 -0.000056 0.999960 
3.060433 0.009489 -0.000057 0.999955 
3.099642 0.010106 -0.000059 0.999949 
3.138850 0.010759 -0.000060 0.999942 
3.178059 0.011449 -0.000061 0.999934 
3.217267 0.012179 -0.000062 0.999926 
3.256476 0.012953 -0.000063 0.999916 
3.295685 0.013772 -0.000063 0.999905 
3.334893 0.014639 -0.000064 0.999893 
3.374102 0.015558 -0.000064 0.999879 
3.413311 0.016532 -0.000064 0.999863 
3.452519 0.017564 -0.000065 0.999846 
3.491728 0.018658 -0.000065 0.999826 
3.530936 0.019818 -0.000064 0.999804 
3.570145 0.021048 -0.000064 0.999778 
3.609354 0.022353 -0.000064 0.999750 
3.648562 0.023737 -0.000063 0.999718 
3.687771 0.025206 -0.000063 0.999682 
3.726980 0.026764 -0.000062 0.999642 
3.766188 0.028417 -0.000061 0.999596 
3.805397 0.030172 -0.000060 0.999545 
3.844606 0.032035 -0.000059 0.999487 
3.883814 0.034012 -0.000058 0.999421 
3.923023 0.036110 -0.000057 0.999348 
3.962231 0.038338 -0.000055 0.999265 
4.001440 0.040704 -0.000054 0.999171 
4.040649 0.043216 -0.000053 0.999066 
4.079857 0.045883 -0.000051 0.998947 
4.119066 0.048716 -0.000050 0.998813 
4.158275 0.051724 -0.000048 0.998661 
4.197483 0.054920 -0.000047 0.998491 
4.236692 0.058313 -0.000045 0.998298 
4.275900 0.061918 -0.000043 0.998081 
4.315109 0.065747 -0.000042 0.997836 
4.354318 0.069815 -0.000040 0.997560 
4.393526 0.074136 -0.000038 0.997248 
4.432735 0.078727 -0.000036 0.996896 
4.471944 0.083604 -0.000035 0.996499 
4.511152 0.088785 -0.000033 0.996051 
4.550361 0.094289 -0.000031 0.995545 
4.589569 0.100137 -0.000029 0.994974 
4.628778 0.106349 -0.000028 0.994329 
4.667987 0.112949 -0.000026 0.993601 
4.707195 0.119960 -0.000024 0.992779 
4.746404 0.127407 -0.000022 0.991850 
4.785613 0.135318 -0.000020 0.990802 
4.824821 0.143720 -0.000019 0.989618 
4.864030 0.152642 -0.000017 0.988282 
4.903238 0.162116 -0.000015 0.986772 
4.942447 0.172175 -0.000013 0.985066 
4.981656 0.182852 -0.000012 0.983140 
5.020864 0.194183 -0.000010 0.980965 
5.060073 0.206205 -0.000008 0.978509 
5.099282 0.218956 -0.000007 0.975735 
5.138490 0.232476 -0.000005 0.972602 
5.177699 0.246805 -0.000003 0.969065 
5.216907 0.261983 -0.000002 0.965072 
5.256116 0.278054 -0.000000 0.960566 
5.295325 0.295056 0.000001 0.955480 
5.334533 0.313032 0.000003 0.949742 
5.373742 0.332021 0.000004 0.943272 
5.412951 0.352060 0.000006 0.935978 
5.452159 0.373181 0.000007 0.927758 
5.491368 0.395416 0.000009 0.918502 
5.530576 0.418785 0.000010 0.908085 
5.569785 0.443305 0.000011 0.896371 
5.608994 0.468980 0.000012 0.883209 
5.648202 0.495802 0.000013 0.868435 
5.687411 0.523748 0.000014 0.851873 
5.726620 0.552774 0.000015 0.833331 
5.765828 0.582815 0.000016 0.812605 
5.805037 0.613779 0.000017 0.789478 
5.844246 0.645542 0.000017 0.763724 
5.883454 0.677945 0.000018 0.735113 
5.922663 0.710787 0.000019 0.703407 
5.961871 0.743822 0.000019 0.668378 
6.001080 0.776756 0.000019 0.629802 
6.040289 0.809241 0.000019 0.587477 
6.079497 0.840874 0.000020 0.541230 
6.118706 0.871200 0.000019 0.490928 
