0.237412 -0.148538 0.000004 0.988907 
0.276620 -0.124225 0.000004 0.992254 
0.315829 -0.105597 0.000005 0.994409 
0.355038 -0.090884 0.000005 0.995861 
0.394246 -0.078986 0.000006 0.996876 
0.433455 -0.069185 0.000007 0.997604 
0.472664 -0.060987 0.000008 0.998139 
0.511872 -0.054047 0.000009 0.998538 
0.551081 -0.048110 0.000010 0.998842 
0.590289 -0.042987 0.000012 0.999076 
0.629498 -0.038534 0.000013 0.999257 
0.668707 -0.034638 0.000015 0.999400 
0.707915 -0.031210 0.000017 0.999513 
0.747124 -0.028179 0.000019 0.999603 
0.786333 -0.025488 0.000020 0.999675 
0.825541 -0.023090 0.000022 0.999733 
0.864750 -0.020944 0.000024 0.999781 
0.903958 -0.019019 0.000026 0.999819 
0.943167 -0.017287 0.000028 0.999851 
0.982376 -0.015723 0.000030 0.999876 
1.021584 -0.014309 0.000032 0.999898 
1.060793 -0.013027 0.000034 0.999915 
1.100002 -0.011862 0.000036 0.999930 
1.139210 -0.010802 0.000037 0.999942 
1.178419 -0.009833 0.000039 0.999952 
1.217627 -0.008948 0.000040 0.999960 
1.256836 -0.008137 0.000041 0.999967 
1.296045 -0.007393 0.000042 0.999973 
1.335253 -0.006708 0.000043 0.999978 
1.374462 -0.006076 0.000043 0.999982 
1.413671 -0.005493 0.000044 0.999985 
1.452879 -0.004952 0.000044 0.999988 
1.492088 -0.004450 0.000043 0.999990 
1.531296 -0.003983 0.000043 0.999992 
1.570505 -0.003547 0.000042 0.999994 
1.609714 -0.003139 0.000041 0.999995 
1.648922 -0.002756 0.000040 0.999996 
1.688131 -0.002395 0.000038 0.999997 
1.727340 -0.002054 0.000036 0.999998 
1.766548 -0.001730 0.000034 0.999999 
1.805757 -0.001421 0.000032 0.999999 
1.844966 -0.001125 0.000030 0.999999 
1.884174 -0.000841 0.000027 1.000000 
1.923383 -0.000566 0.000024 1.000000 
1.962591 -0.000300 0.000021 1.000000 
2.001800 -0.000040 0.000018 1.000000 
2.041009 0.000215 0.000015 1.000000 
2.080217 0.000466 0.000011 1.000000 
2.119426 0.000715 0.000008 1.000000 
2.158635 0.000963 0.000004 1.000000 
2.197843 0.001211 0.000001 0.999999 
2.237052 0.001460 -0.000003 0.999999 
2.276260 0.001712 -0.000007 0.999999 
2.315469 0.001968 -0.000010 0.999998 
2.354678 0.002228 -0.000014 0.999998 
2.393886 0.002495 -0.000018 0.999997 
2.433095 0.002769 -0.000021 0.999996 
2.472304 0.003051 -0.000024 0.999995 
2.511512 0.003342 -0.000028 0.999994 
2.550721 0.003645 -0.000031 0.999993 
2.589929 0.003959 -0.000034 0.999992 
2.629138 0.004286 -0.000037 0.999991 
2.668347 0.004628 -0.000040 0.999989 
2.707555 0.004986 -0.000043 0.999988 
2.746764 0.005360 -0.000045 0.999986 
2.785973 0.005753 -0.000048 0.999983 
2.825181 0.006166 -0.000050 0.999981 
2.864390 0.006601 -0.000052 0.999978 
2.903598 0.007058 -0.000054 0.999975 
2.942807 0.007541 -0.000056 0.999972 
2.982016 0.008050 -0.000057 0.999968 
3.021224 0.008587 -0.000059 0.999963 
3.060433 0.009155 -0.000060 0.999958 
3.099642 0.009755 -0.000061 0.999952 
3.138850 0.010390 -0.000062 0.999946 
3.178059 0.011061 -0.000063 0.999939 
3.217267 0.011772 -0.000064 0.999931 
3.256476 0.012525 -0.000064 0.999922 
3.295685 0.013322 -0.000065 0.999911 
3.334893 0.014167 -0.000065 0.999900 
3.374102 0.015062 -0.000065 0.999887 
3.413311 0.016011 -0.000065 0.999872 
3.452519 0.017017 -0.000065 0.999855 
3.491728 0.018083 -0.000064 0.999836 
3.530936 0.019215 -0.000064 0.999815 
3.570145 0.020415 -0.000063 0.999792 
3.609354 0.021689 -0.000063 0.999765 
3.648562 0.023040 -0.000062 0.999735 
3.687771 0.024474 -0.000061 0.999700 
3.726980 0.025997 -0.000060 0.999662 
3.766188 0.027612 -0.000059 0.999619 
3.805397 0.029328 -0.000057 0.999570 
3.844606 0.031149 -0.000056 0.999515 
3.883814 0.033083 -0.000055 0.999453 
3.923023 0.035137 -0.000053 0.999383 
3.962231 0.037318 -0.000052 0.999303 
4.001440 0.039635 -0.000050 0.999214 
4.040649 0.042095 -0.000049 0.999114 
4.079857 0.044709 -0.000047 0.999000 
4.119066 0.047486 -0.000045 0.998872 
4.158275 0.050436 -0.000043 0.998727 
4.197483 0.053570 -0.000042 0.998564 
4.236692 0.056901 -0.000040 0.998380 
4.275900 0.060439 -0.000038 0.998172 
4.315109 0.064199 -0.000036 0.997937 
4.354318 0.068195 -0.000034 0.997672 
4.393526 0.072441 -0.000033 0.997373 
4.432735 0.076954 -0.000031 0.997035 
4.471944 0.081749 -0.000029 0.996653 
4.511152 0.086846 -0.000027 0.996222 
4.550361 0.092263 -0.000026 0.995735 
4.589569 0.098019 -0.000024 0.995185 
4.628778 0.104137 -0.000022 0.994563 
4.667987 0.110638 -0.000020 0.993861 
4.707195 0.117547 -0.000019 0.993067 
4.746404 0.124889 -0.000017 0.992171 
4.785613 0.132691 -0.000015 0.991157 
4.824821 0.140980 -0.000013 0.990012 
4.864030 0.149786 -0.000012 0.988718 
4.903238 0.159140 -0.000010 0.987256 
4.942447 0.169076 -0.000009 0.985603 
4.981656 0.179626 -0.000007 0.983735 
5.020864 0.190827 -0.000005 0.981624 
5.060073 0.202716 -0.000004 0.979238 
5.099282 0.215332 -0.000002 0.976541 
5.138490 0.228714 -0.000001 0.973494 
5.177699 0.242903 0.000001 0.970051 
5.216907 0.257940 0.000002 0.966161 
5.256116 0.273868 0.000004 0.961767 
5.295325 0.290729 0.000005 0.956805 
5.334533 0.308565 0.000006 0.951203 
5.373742 0.327415 0.000008 0.944881 
5.412951 0.347318 0.000009 0.937747 
5.452159 0.368309 0.000010 0.929703 
5.491368 0.390419 0.000012 0.920637 
5.530576 0.413674 0.000013 0.910425 
5.569785 0.438089 0.000014 0.898932 
5.608994 0.463673 0.000015 0.886007 
5.648202 0.490419 0.000016 0.871487 
5.687411 0.518308 0.000017 0.855194 
5.726620 0.547300 0.000018 0.836936 
5.765828 0.577334 0.000018 0.816508 
5.805037 0.608320 0.000019 0.793692 
5.844246 0.640140 0.000020 0.768259 
5.883454 0.672637 0.000020 0.739973 
5.922663 0.705614 0.000021 0.708596 
5.961871 0.738831 0.000021 0.673891 
6.001080 0.771995 0.000021 0.635629 
6.040289 0.804760 0.000021 0.593601 
6.079497 0.836725 0.000021 0.547623 
6.118706 0.867434 0.000021 0.497553 
