0.237412 -0.132769 -0.000036 0.991147 
0.276620 -0.111167 -0.000038 0.993802 
0.315829 -0.094635 -0.000040 0.995512 
0.355038 -0.081583 -0.000042 0.996667 
0.394246 -0.071027 -0.000044 0.997474 
0.433455 -0.062328 -0.000046 0.998056 
0.472664 -0.055046 -0.000047 0.998484 
0.511872 -0.048874 -0.000048 0.998805 
0.551081 -0.043588 -0.000049 0.999050 
0.590289 -0.039019 -0.000049 0.999238 
0.629498 -0.035040 -0.000049 0.999386 
0.668707 -0.031552 -0.000049 0.999502 
0.707915 -0.028476 -0.000048 0.999594 
0.747124 -0.025751 -0.000048 0.999668 
0.786333 -0.023325 -0.000046 0.999728 
0.825541 -0.021156 -0.000045 0.999776 
0.864750 -0.019211 -0.000043 0.999815 
0.903958 -0.017460 -0.000041 0.999848 
0.943167 -0.015879 -0.000039 0.999874 
0.982376 -0.014448 -0.000037 0.999896 
1.021584 -0.013148 -0.000034 0.999914 
1.060793 -0.011965 -0.000031 0.999928 
1.100002 -0.010885 -0.000029 0.999941 
1.139210 -0.009897 -0.000026 0.999951 
1.178419 -0.008992 -0.000023 0.999960 
1.217627 -0.008159 -0.000020 0.999967 
1.256836 -0.007392 -0.000016 0.999973 
1.296045 -0.006684 -0.000013 0.999978 
1.335253 -0.006029 -0.000010 0.999982 
1.374462 -0.005420 -0.000007 0.999985 
1.413671 -0.004854 -0.000005 0.999988 
1.452879 -0.004325 -0.000002 0.999991 
1.492088 -0.003831 0.000001 0.999993 
1.531296 -0.003366 0.000003 0.999994 
1.570505 -0.002929 0.000005 0.999996 
1.609714 -0.002515 0.000008 0.999997 
1.648922 -0.002123 0.000009 0.999998 
1.688131 -0.001749 0.000011 0.999998 
1.727340 -0.001392 0.000013 0.999999 
1.766548 -0.001049 0.000014 0.999999 
1.805757 -0.000718 0.000015 1.000000 
1.844966 -0.000397 0.000016 1.000000 
1.884174 -0.000085 0.000016 1.000000 
1.923383 0.000220 0.000017 1.000000 
1.962591 0.000520 0.000017 1.000000 
2.001800 0.000816 0.000017 1.000000 
2.041009 0.001110 0.000016 0.999999 
2.080217 0.001403 0.000016 0.999999 
2.119426 0.001696 0.000015 0.999999 
2.158635 0.001991 0.000014 0.999998 
2.197843 0.002290 0.000013 0.999997 
2.237052 0.002592 0.000012 0.999997 
2.276260 0.002900 0.000011 0.999996 
2.315469 0.003215 0.000009 0.999995 
2.354678 0.003539 0.000007 0.999994 
2.393886 0.003871 0.000006 0.999993 
2.433095 0.004214 0.000004 0.999991 
2.472304 0.004569 0.000002 0.999990 
2.511512 0.004937 -0.000001 0.999988 
2.550721 0.005320 -0.000003 0.999986 
2.589929 0.005719 -0.000005 0.999984 
2.629138 0.006135 -0.000008 0.999981 
2.668347 0.006570 -0.000010 0.999978 
2.707555 0.007025 -0.000013 0.999975 
2.746764 0.007502 -0.000016 0.999972 
2.785973 0.008003 -0.000019 0.999968 
2.825181 0.008528 -0.000021 0.999964 
2.864390 0.009081 -0.000024 0.999959 
2.903598 0.009662 -0.000027 0.999953 
2.942807 0.010274 -0.000030 0.999947 
2.982016 0.010919 -0.000033 0.999940 
3.021224 0.011599 -0.000036 0.999933 
3.060433 0.012316 -0.000039 0.999924 
3.099642 0.013072 -0.000042 0.999915 
3.138850 0.013870 -0.000045 0.999904 
3.178059 0.014713 -0.000048 0.999892 
3.217267 0.015603 -0.000051 0.999878 
3.256476 0.016544 -0.000053 0.999863 
3.295685 0.017537 -0.000056 0.999846 
3.334893 0.018588 -0.000059 0.999827 
3.374102 0.019699 -0.000061 0.999806 
3.413311 0.020873 -0.000064 0.999782 
3.452519 0.022115 -0.000066 0.999755 
3.491728 0.023429 -0.000069 0.999726 
3.530936 0.024818 -0.000071 0.999692 
3.570145 0.026289 -0.000073 0.999654 
3.609354 0.027845 -0.000075 0.999612 
3.648562 0.029492 -0.000077 0.999565 
3.687771 0.031236 -0.000078 0.999512 
3.726980 0.033081 -0.000080 0.999453 
3.766188 0.035035 -0.000081 0.999386 
3.805397 0.037103 -0.000082 0.999311 
3.844606 0.039293 -0.000084 0.999228 
3.883814 0.041613 -0.000084 0.999134 
3.923023 0.044069 -0.000085 0.999028 
3.962231 0.046671 -0.000086 0.998910 
4.001440 0.049426 -0.000086 0.998778 
4.040649 0.052345 -0.000086 0.998629 
4.079857 0.055437 -0.000086 0.998462 
4.119066 0.058713 -0.000086 0.998275 
4.158275 0.062183 -0.000086 0.998065 
4.197483 0.065860 -0.000085 0.997829 
4.236692 0.069756 -0.000085 0.997564 
4.275900 0.073883 -0.000084 0.997267 
4.315109 0.078257 -0.000083 0.996933 
4.354318 0.082892 -0.000082 0.996559 
4.393526 0.087803 -0.000081 0.996138 
4.432735 0.093007 -0.000080 0.995665 
4.471944 0.098522 -0.000078 0.995135 
4.511152 0.104366 -0.000077 0.994539 
4.550361 0.110558 -0.000075 0.993870 
4.589569 0.117120 -0.000073 0.993118 
4.628778 0.124074 -0.000072 0.992273 
4.667987 0.131441 -0.000070 0.991324 
4.707195 0.139246 -0.000068 0.990258 
4.746404 0.147516 -0.000066 0.989060 
4.785613 0.156275 -0.000063 0.987714 
4.824821 0.165553 -0.000061 0.986201 
4.864030 0.175379 -0.000059 0.984501 
4.903238 0.185782 -0.000056 0.982591 
4.942447 0.196796 -0.000054 0.980444 
4.981656 0.208452 -0.000052 0.978033 
5.020864 0.220785 -0.000049 0.975322 
5.060073 0.233830 -0.000047 0.972278 
5.099282 0.247622 -0.000044 0.968857 
5.138490 0.262198 -0.000041 0.965014 
5.177699 0.277595 -0.000039 0.960698 
5.216907 0.293848 -0.000036 0.955852 
5.256116 0.310994 -0.000034 0.950412 
5.295325 0.329068 -0.000032 0.944306 
5.334533 0.348103 -0.000029 0.937456 
5.373742 0.368130 -0.000027 0.929775 
5.412951 0.389173 -0.000025 0.921164 
5.452159 0.411257 -0.000022 0.911519 
5.491368 0.434395 -0.000020 0.900722 
5.530576 0.458596 -0.000018 0.888645 
5.569785 0.483856 -0.000016 0.875147 
5.608994 0.510161 -0.000015 0.860079 
5.648202 0.537479 -0.000013 0.843277 
5.687411 0.565765 -0.000011 0.824567 
5.726620 0.594947 -0.000010 0.803765 
5.765828 0.624935 -0.000009 0.780677 
5.805037 0.655605 -0.000007 0.755104 
5.844246 0.686805 -0.000006 0.726842 
5.883454 0.718345 -0.000005 0.695687 
5.922663 0.749998 -0.000005 0.661440 
5.961871 0.781494 -0.000004 0.623913 
6.001080 0.812517 -0.000004 0.582937 
6.040289 0.842709 -0.000003 0.538370 
6.079497 0.871664 -0.000003 0.490105 
6.118706 0.898935 -0.000003 0.438083 
