0.237412 -0.165118 0.000327 0.986274 
0.276620 -0.137896 0.000344 0.990447 
0.315829 -0.117017 0.000361 0.993130 
0.355038 -0.100522 0.000379 0.994935 
0.394246 -0.087187 0.000398 0.996192 
0.433455 -0.076209 0.000416 0.997092 
0.472664 -0.067039 0.000434 0.997750 
0.511872 -0.059287 0.000452 0.998241 
0.551081 -0.052667 0.000470 0.998612 
0.590289 -0.046965 0.000487 0.998896 
0.629498 -0.042020 0.000505 0.999117 
0.668707 -0.037704 0.000522 0.999289 
0.707915 -0.033917 0.000539 0.999425 
0.747124 -0.030578 0.000556 0.999532 
0.786333 -0.027622 0.000572 0.999618 
0.825541 -0.024996 0.000588 0.999687 
0.864750 -0.022655 0.000605 0.999743 
0.903958 -0.020562 0.000620 0.999788 
0.943167 -0.018685 0.000636 0.999825 
0.982376 -0.016999 0.000651 0.999855 
1.021584 -0.015480 0.000666 0.999880 
1.060793 -0.014110 0.000681 0.999900 
1.100002 -0.012871 0.000696 0.999917 
1.139210 -0.011748 0.000710 0.999931 
1.178419 -0.010730 0.000724 0.999942 
1.217627 -0.009804 0.000737 0.999952 
1.256836 -0.008962 0.000750 0.999960 
1.296045 -0.008194 0.000763 0.999966 
1.335253 -0.007493 0.000776 0.999972 
1.374462 -0.006852 0.000788 0.999976 
1.413671 -0.006265 0.000800 0.999980 
1.452879 -0.005727 0.000811 0.999983 
1.492088 -0.005233 0.000822 0.999986 
1.531296 -0.004778 0.000833 0.999988 
1.570505 -0.004359 0.000844 0.999990 
1.609714 -0.003972 0.000854 0.999992 
1.648922 -0.003614 0.000865 0.999993 
1.688131 -0.003281 0.000874 0.999994 
1.727340 -0.002973 0.000884 0.999995 
1.766548 -0.002685 0.000894 0.999996 
1.805757 -0.002415 0.000903 0.999997 
1.844966 -0.002163 0.000912 0.999997 
1.884174 -0.001925 0.000922 0.999998 
1.923383 -0.001700 0.000931 0.999998 
1.962591 -0.001487 0.000940 0.999998 
2.001800 -0.001283 0.000949 0.999999 
2.041009 -0.001088 0.000959 0.999999 
2.080217 -0.000900 0.000968 0.999999 
2.119426 -0.000717 0.000978 0.999999 
2.158635 -0.000540 0.000988 0.999999 
2.197843 -0.000365 0.000998 0.999999 
2.237052 -0.000193 0.001009 0.999999 
2.276260 -0.000022 0.001019 0.999999 
2.315469 0.000148 0.001031 0.999999 
2.354678 0.000320 0.001042 0.999999 
2.393886 0.000494 0.001055 0.999999 
2.433095 0.000671 0.001067 0.999999 
2.472304 0.000851 0.001081 0.999999 
2.511512 0.001037 0.001094 0.999999 
2.550721 0.001229 0.001109 0.999999 
2.589929 0.001428 0.001124 0.999998 
2.629138 0.001635 0.001140 0.999998 
2.668347 0.001852 0.001156 0.999998 
2.707555 0.002079 0.001173 0.999997 
2.746764 0.002317 0.001191 0.999997 
2.785973 0.002569 0.001209 0.999996 
2.825181 0.002835 0.001228 0.999995 
2.864390 0.003116 0.001248 0.999994 
2.903598 0.003413 0.001268 0.999993 
2.942807 0.003729 0.001290 0.999992 
2.982016 0.004065 0.001311 0.999991 
3.021224 0.004422 0.001334 0.999989 
3.060433 0.004802 0.001357 0.999988 
3.099642 0.005207 0.001381 0.999985 
3.138850 0.005639 0.001405 0.999983 
3.178059 0.006099 0.001430 0.999980 
3.217267 0.006590 0.001456 0.999977 
3.256476 0.007114 0.001482 0.999974 
3.295685 0.007673 0.001508 0.999969 
3.334893 0.008270 0.001535 0.999965 
3.374102 0.008907 0.001562 0.999959 
3.413311 0.009588 0.001590 0.999953 
3.452519 0.010315 0.001618 0.999945 
3.491728 0.011092 0.001646 0.999937 
3.530936 0.011921 0.001674 0.999928 
3.570145 0.012807 0.001703 0.999917 
3.609354 0.013754 0.001731 0.999904 
3.648562 0.014765 0.001760 0.999889 
3.687771 0.015846 0.001789 0.999873 
3.726980 0.017000 0.001818 0.999854 
3.766188 0.018233 0.001846 0.999832 
3.805397 0.019550 0.001875 0.999807 
3.844606 0.020957 0.001903 0.999779 
3.883814 0.022460 0.001931 0.999746 
3.923023 0.024065 0.001959 0.999708 
3.962231 0.025780 0.001986 0.999666 
4.001440 0.027611 0.002013 0.999617 
4.040649 0.029567 0.002040 0.999561 
4.079857 0.031655 0.002066 0.999497 
4.119066 0.033886 0.002092 0.999424 
4.158275 0.036268 0.002117 0.999340 
4.197483 0.038811 0.002141 0.999244 
4.236692 0.041527 0.002165 0.999135 
4.275900 0.044428 0.002188 0.999010 
4.315109 0.047524 0.002210 0.998868 
4.354318 0.050830 0.002232 0.998705 
4.393526 0.054360 0.002252 0.998519 
4.432735 0.058129 0.002272 0.998306 
4.471944 0.062152 0.002292 0.998064 
4.511152 0.066447 0.002310 0.997787 
4.550361 0.071032 0.002328 0.997471 
4.589569 0.075926 0.002344 0.997111 
4.628778 0.081149 0.002360 0.996699 
4.667987 0.086725 0.002376 0.996229 
4.707195 0.092675 0.002390 0.995694 
4.746404 0.099025 0.002404 0.995082 
4.785613 0.105801 0.002416 0.994384 
4.824821 0.113031 0.002428 0.993589 
4.864030 0.120744 0.002440 0.992681 
4.903238 0.128973 0.002451 0.991645 
4.942447 0.137750 0.002461 0.990464 
4.981656 0.147111 0.002470 0.989117 
5.020864 0.157091 0.002479 0.987581 
5.060073 0.167732 0.002488 0.985830 
5.099282 0.179072 0.002496 0.983833 
5.138490 0.191155 0.002503 0.981557 
5.177699 0.204026 0.002510 0.978962 
5.216907 0.217730 0.002517 0.976006 
5.256116 0.232315 0.002524 0.972637 
5.295325 0.247830 0.002531 0.968800 
5.334533 0.264325 0.002538 0.964430 
5.373742 0.281849 0.002544 0.959455 
5.412951 0.300452 0.002551 0.953793 
5.452159 0.320183 0.002557 0.947352 
5.491368 0.341088 0.002564 0.940028 
5.530576 0.363209 0.002571 0.931704 
5.569785 0.386583 0.002578 0.922251 
5.608994 0.411242 0.002585 0.911522 
5.648202 0.437206 0.002593 0.899358 
5.687411 0.464484 0.002600 0.885578 
5.726620 0.493068 0.002608 0.869987 
5.765828 0.522932 0.002616 0.852370 
5.805037 0.554026 0.002623 0.832495 
5.844246 0.586268 0.002630 0.810113 
5.883454 0.619544 0.002637 0.784958 
5.922663 0.653698 0.002643 0.756751 
5.961871 0.688525 0.002648 0.725207 
6.001080 0.723769 0.002652 0.690037 
6.040289 0.759110 0.002653 0.650957 
6.079497 0.794162 0.002652 0.607700 
6.118706 0.828471 0.002648 0.560025 
