0.237412 -0.141194 -0.000017 0.989982 
0.276620 -0.118156 -0.000017 0.992995 
0.315829 -0.100513 -0.000018 0.994936 
0.355038 -0.086581 -0.000019 0.996245 
0.394246 -0.075314 -0.000020 0.997160 
0.433455 -0.066030 -0.000020 0.997818 
0.472664 -0.058262 -0.000020 0.998301 
0.511872 -0.051682 -0.000020 0.998664 
0.551081 -0.046049 -0.000020 0.998939 
0.590289 -0.041185 -0.000019 0.999152 
0.629498 -0.036953 -0.000019 0.999317 
0.668707 -0.033247 -0.000018 0.999447 
0.707915 -0.029982 -0.000017 0.999550 
0.747124 -0.027093 -0.000015 0.999633 
0.786333 -0.024525 -0.000014 0.999699 
0.825541 -0.022233 -0.000012 0.999753 
0.864750 -0.020180 -0.000010 0.999796 
0.903958 -0.018334 -0.000008 0.999832 
0.943167 -0.016671 -0.000006 0.999861 
0.982376 -0.015168 -0.000004 0.999885 
1.021584 -0.013807 -0.000001 0.999905 
1.060793 -0.012569 0.000001 0.999921 
1.100002 -0.011443 0.000003 0.999935 
1.139210 -0.010415 0.000005 0.999946 
1.178419 -0.009475 0.000008 0.999955 
1.217627 -0.008614 0.000010 0.999963 
1.256836 -0.007822 0.000012 0.999969 
1.296045 -0.007094 0.000014 0.999975 
1.335253 -0.006422 0.000016 0.999979 
1.374462 -0.005800 0.000018 0.999983 
1.413671 -0.005224 0.000019 0.999986 
1.452879 -0.004689 0.000021 0.999989 
1.492088 -0.004190 0.000022 0.999991 
1.531296 -0.003724 0.000023 0.999993 
1.570505 -0.003287 0.000024 0.999995 
1.609714 -0.002876 0.000024 0.999996 
1.648922 -0.002488 0.000025 0.999997 
1.688131 -0.002121 0.000025 0.999998 
1.727340 -0.001772 0.000025 0.999998 
1.766548 -0.001439 0.000024 0.999999 
1.805757 -0.001120 0.000024 0.999999 
1.844966 -0.000813 0.000023 1.000000 
1.884174 -0.000516 0.000022 1.000000 
1.923383 -0.000227 0.000021 1.000000 
1.962591 0.000055 0.000019 1.000000 
2.001800 0.000331 0.000018 1.000000 
2.041009 0.000604 0.000016 1.000000 
2.080217 0.000875 0.000014 1.000000 
2.119426 0.001144 0.000012 0.999999 
2.158635 0.001413 0.000010 0.999999 
2.197843 0.001684 0.000008 0.999999 
2.237052 0.001958 0.000005 0.999998 
2.276260 0.002236 0.000003 0.999998 
2.315469 0.002519 0.000000 0.999997 
2.354678 0.002808 -0.000003 0.999996 
2.393886 0.003105 -0.000005 0.999995 
2.433095 0.003410 -0.000008 0.999994 
2.472304 0.003726 -0.000011 0.999993 
2.511512 0.004052 -0.000013 0.999992 
2.550721 0.004392 -0.000016 0.999990 
2.589929 0.004745 -0.000019 0.999989 
2.629138 0.005113 -0.000022 0.999987 
2.668347 0.005497 -0.000024 0.999985 
2.707555 0.005900 -0.000027 0.999983 
2.746764 0.006322 -0.000030 0.999980 
2.785973 0.006764 -0.000032 0.999977 
2.825181 0.007229 -0.000035 0.999974 
2.864390 0.007718 -0.000037 0.999970 
2.903598 0.008233 -0.000040 0.999966 
2.942807 0.008775 -0.000042 0.999961 
2.982016 0.009347 -0.000044 0.999956 
3.021224 0.009950 -0.000046 0.999950 
3.060433 0.010587 -0.000049 0.999944 
3.099642 0.011259 -0.000051 0.999937 
3.138850 0.011970 -0.000053 0.999928 
3.178059 0.012721 -0.000054 0.999919 
3.217267 0.013515 -0.000056 0.999909 
3.256476 0.014355 -0.000058 0.999897 
3.295685 0.015243 -0.000059 0.999884 
3.334893 0.016183 -0.000061 0.999869 
3.374102 0.017178 -0.000062 0.999852 
3.413311 0.018232 -0.000063 0.999834 
3.452519 0.019348 -0.000065 0.999813 
3.491728 0.020530 -0.000066 0.999789 
3.530936 0.021782 -0.000066 0.999763 
3.570145 0.023108 -0.000067 0.999733 
3.609354 0.024513 -0.000068 0.999700 
3.648562 0.026002 -0.000068 0.999662 
3.687771 0.027581 -0.000069 0.999620 
3.726980 0.029254 -0.000069 0.999572 
3.766188 0.031027 -0.000069 0.999519 
3.805397 0.032908 -0.000069 0.999458 
3.844606 0.034902 -0.000069 0.999391 
3.883814 0.037016 -0.000069 0.999315 
3.923023 0.039258 -0.000068 0.999229 
3.962231 0.041636 -0.000068 0.999133 
4.001440 0.044158 -0.000067 0.999025 
4.040649 0.046833 -0.000066 0.998903 
4.079857 0.049671 -0.000066 0.998766 
4.119066 0.052682 -0.000065 0.998611 
4.158275 0.055876 -0.000064 0.998438 
4.197483 0.059265 -0.000063 0.998242 
4.236692 0.062861 -0.000061 0.998022 
4.275900 0.066676 -0.000060 0.997775 
4.315109 0.070725 -0.000059 0.997496 
4.354318 0.075021 -0.000057 0.997182 
4.393526 0.079580 -0.000056 0.996828 
4.432735 0.084418 -0.000054 0.996430 
4.471944 0.089553 -0.000053 0.995982 
4.511152 0.095002 -0.000051 0.995477 
4.550361 0.100784 -0.000049 0.994908 
4.589569 0.106921 -0.000047 0.994268 
4.628778 0.113433 -0.000046 0.993546 
4.667987 0.120343 -0.000044 0.992732 
4.707195 0.127676 -0.000042 0.991816 
4.746404 0.135456 -0.000040 0.990783 
4.785613 0.143711 -0.000038 0.989620 
4.824821 0.152469 -0.000036 0.988308 
4.864030 0.161758 -0.000034 0.986830 
4.903238 0.171610 -0.000032 0.985165 
4.942447 0.182057 -0.000030 0.983288 
4.981656 0.193133 -0.000027 0.981173 
5.020864 0.204872 -0.000025 0.978789 
5.060073 0.217311 -0.000023 0.976102 
5.099282 0.230488 -0.000021 0.973075 
5.138490 0.244439 -0.000019 0.969665 
5.177699 0.259205 -0.000017 0.965822 
5.216907 0.274825 -0.000015 0.961494 
5.256116 0.291337 -0.000013 0.956620 
5.295325 0.308782 -0.000011 0.951133 
5.334533 0.327195 -0.000009 0.944957 
5.373742 0.346613 -0.000007 0.938008 
5.412951 0.367070 -0.000005 0.930193 
5.452159 0.388593 -0.000004 0.921410 
5.491368 0.411207 -0.000002 0.911542 
5.530576 0.434928 -0.000000 0.900465 
5.569785 0.459764 0.000001 0.888041 
5.608994 0.485712 0.000003 0.874119 
5.648202 0.512755 0.000004 0.858535 
5.687411 0.540859 0.000005 0.841113 
5.726620 0.569972 0.000007 0.821664 
5.765828 0.600016 0.000008 0.799988 
5.805037 0.630886 0.000009 0.775875 
5.844246 0.662448 0.000010 0.749108 
5.883454 0.694528 0.000010 0.719465 
5.922663 0.726916 0.000011 0.686727 
5.961871 0.759354 0.000011 0.650678 
6.001080 0.791539 0.000012 0.611119 
6.040289 0.823117 0.000012 0.567872 
6.079497 0.853685 0.000012 0.520789 
6.118706 0.882789 0.000012 0.469770 
