0.237412 -0.134991 -0.000032 0.990847 
0.276620 -0.113012 -0.000033 0.993594 
0.315829 -0.096189 -0.000035 0.995363 
0.355038 -0.082906 -0.000037 0.996557 
0.394246 -0.072165 -0.000038 0.997393 
0.433455 -0.063312 -0.000039 0.997994 
0.472664 -0.055903 -0.000041 0.998436 
0.511872 -0.049624 -0.000041 0.998768 
0.551081 -0.044246 -0.000042 0.999021 
0.590289 -0.039600 -0.000042 0.999216 
0.629498 -0.035554 -0.000042 0.999368 
0.668707 -0.032008 -0.000042 0.999488 
0.707915 -0.028883 -0.000041 0.999583 
0.747124 -0.026114 -0.000040 0.999659 
0.786333 -0.023651 -0.000039 0.999720 
0.825541 -0.021449 -0.000037 0.999770 
0.864750 -0.019475 -0.000035 0.999810 
0.903958 -0.017699 -0.000033 0.999843 
0.943167 -0.016097 -0.000031 0.999870 
0.982376 -0.014646 -0.000029 0.999893 
1.021584 -0.013330 -0.000026 0.999911 
1.060793 -0.012132 -0.000024 0.999926 
1.100002 -0.011040 -0.000021 0.999939 
1.139210 -0.010041 -0.000018 0.999950 
1.178419 -0.009127 -0.000015 0.999958 
1.217627 -0.008286 -0.000013 0.999966 
1.256836 -0.007513 -0.000010 0.999972 
1.296045 -0.006799 -0.000007 0.999977 
1.335253 -0.006139 -0.000004 0.999981 
1.374462 -0.005527 -0.000001 0.999985 
1.413671 -0.004958 0.000001 0.999988 
1.452879 -0.004427 0.000004 0.999990 
1.492088 -0.003931 0.000006 0.999992 
1.531296 -0.003466 0.000008 0.999994 
1.570505 -0.003029 0.000010 0.999995 
1.609714 -0.002616 0.000012 0.999997 
1.648922 -0.002225 0.000013 0.999998 
1.688131 -0.001853 0.000014 0.999998 
1.727340 -0.001498 0.000016 0.999999 
1.766548 -0.001157 0.000016 0.999999 
1.805757 -0.000830 0.000017 1.000000 
1.844966 -0.000513 0.000018 1.000000 
1.884174 -0.000204 0.000018 1.000000 
1.923383 0.000096 0.000018 1.000000 
1.962591 0.000392 0.000018 1.000000 
2.001800 0.000683 0.000017 1.000000 
2.041009 0.000971 0.000016 1.000000 
2.080217 0.001258 0.000016 0.999999 
2.119426 0.001545 0.000015 0.999999 
2.158635 0.001833 0.000013 0.999998 
2.197843 0.002124 0.000012 0.999998 
2.237052 0.002419 0.000011 0.999997 
2.276260 0.002719 0.000009 0.999996 
2.315469 0.003025 0.000007 0.999995 
2.354678 0.003340 0.000005 0.999994 
2.393886 0.003663 0.000003 0.999993 
2.433095 0.003996 0.000001 0.999992 
2.472304 0.004340 -0.000001 0.999991 
2.511512 0.004697 -0.000003 0.999989 
2.550721 0.005069 -0.000006 0.999987 
2.589929 0.005455 -0.000008 0.999985 
2.629138 0.005859 -0.000011 0.999983 
2.668347 0.006280 -0.000013 0.999980 
2.707555 0.006721 -0.000016 0.999977 
2.746764 0.007184 -0.000019 0.999974 
2.785973 0.007669 -0.000022 0.999971 
2.825181 0.008178 -0.000024 0.999967 
2.864390 0.008714 -0.000027 0.999962 
2.903598 0.009278 -0.000030 0.999957 
2.942807 0.009871 -0.000033 0.999951 
2.982016 0.010497 -0.000035 0.999945 
3.021224 0.011156 -0.000038 0.999938 
3.060433 0.011852 -0.000041 0.999930 
3.099642 0.012586 -0.000044 0.999921 
3.138850 0.013361 -0.000046 0.999911 
3.178059 0.014179 -0.000049 0.999899 
3.217267 0.015044 -0.000052 0.999887 
3.256476 0.015958 -0.000054 0.999873 
3.295685 0.016924 -0.000057 0.999857 
3.334893 0.017945 -0.000059 0.999839 
3.374102 0.019025 -0.000061 0.999819 
3.413311 0.020168 -0.000064 0.999797 
3.452519 0.021377 -0.000066 0.999771 
3.491728 0.022656 -0.000068 0.999743 
3.530936 0.024009 -0.000070 0.999712 
3.570145 0.025442 -0.000071 0.999676 
3.609354 0.026958 -0.000073 0.999637 
3.648562 0.028563 -0.000074 0.999592 
3.687771 0.030263 -0.000076 0.999542 
3.726980 0.032063 -0.000077 0.999486 
3.766188 0.033970 -0.000078 0.999423 
3.805397 0.035989 -0.000079 0.999352 
3.844606 0.038127 -0.000080 0.999273 
3.883814 0.040393 -0.000080 0.999184 
3.923023 0.042793 -0.000081 0.999084 
3.962231 0.045336 -0.000081 0.998972 
4.001440 0.048030 -0.000081 0.998846 
4.040649 0.050885 -0.000081 0.998705 
4.079857 0.053910 -0.000081 0.998546 
4.119066 0.057116 -0.000081 0.998368 
4.158275 0.060514 -0.000080 0.998167 
4.197483 0.064116 -0.000080 0.997942 
4.236692 0.067933 -0.000079 0.997690 
4.275900 0.071978 -0.000078 0.997406 
4.315109 0.076267 -0.000077 0.997087 
4.354318 0.080813 -0.000076 0.996729 
4.393526 0.085632 -0.000075 0.996327 
4.432735 0.090741 -0.000073 0.995875 
4.471944 0.096156 -0.000072 0.995366 
4.511152 0.101897 -0.000070 0.994795 
4.550361 0.107982 -0.000069 0.994153 
4.589569 0.114433 -0.000067 0.993431 
4.628778 0.121271 -0.000065 0.992619 
4.667987 0.128519 -0.000063 0.991707 
4.707195 0.136201 -0.000061 0.990681 
4.746404 0.144343 -0.000059 0.989528 
4.785613 0.152971 -0.000057 0.988231 
4.824821 0.162113 -0.000055 0.986772 
4.864030 0.171799 -0.000052 0.985132 
4.903238 0.182059 -0.000050 0.983288 
4.942447 0.192925 -0.000048 0.981213 
4.981656 0.204431 -0.000045 0.978881 
5.020864 0.216609 -0.000043 0.976258 
5.060073 0.229497 -0.000040 0.973309 
5.099282 0.243129 -0.000038 0.969994 
5.138490 0.257544 -0.000035 0.966267 
5.177699 0.272777 -0.000033 0.962077 
5.216907 0.288866 -0.000031 0.957369 
5.256116 0.305849 -0.000028 0.952080 
5.295325 0.323761 -0.000026 0.946139 
5.334533 0.342636 -0.000024 0.939468 
5.373742 0.362506 -0.000021 0.931981 
5.412951 0.383400 -0.000019 0.923583 
5.452159 0.405340 -0.000017 0.914166 
5.491368 0.428346 -0.000015 0.903615 
5.530576 0.452425 -0.000013 0.891802 
5.569785 0.477579 -0.000011 0.878589 
5.608994 0.503796 -0.000010 0.863823 
5.648202 0.531048 -0.000008 0.847342 
5.687411 0.559292 -0.000006 0.828971 
5.726620 0.588463 -0.000005 0.808524 
5.765828 0.618472 -0.000004 0.785807 
5.805037 0.649202 -0.000003 0.760616 
5.844246 0.680504 -0.000002 0.732745 
5.883454 0.712193 -0.000001 0.701984 
5.922663 0.744045 -0.000000 0.668129 
5.961871 0.775794 0.000001 0.630986 
6.001080 0.807128 0.000001 0.590377 
6.040289 0.837688 0.000001 0.546150 
6.079497 0.867069 0.000001 0.498188 
6.118706 0.894822 0.000001 0.446422 
