0.237412 -0.137133 -0.000027 0.990553 
0.276620 -0.114790 -0.000028 0.993390 
0.315829 -0.097685 -0.000030 0.995217 
0.355038 -0.084179 -0.000031 0.996451 
0.394246 -0.073256 -0.000032 0.997313 
0.433455 -0.064255 -0.000033 0.997934 
0.472664 -0.056723 -0.000034 0.998390 
0.511872 -0.050340 -0.000034 0.998732 
0.551081 -0.044875 -0.000035 0.998993 
0.590289 -0.040153 -0.000035 0.999194 
0.629498 -0.036043 -0.000034 0.999350 
0.668707 -0.032442 -0.000034 0.999474 
0.707915 -0.029269 -0.000033 0.999572 
0.747124 -0.026459 -0.000032 0.999650 
0.786333 -0.023959 -0.000031 0.999713 
0.825541 -0.021726 -0.000029 0.999764 
0.864750 -0.019724 -0.000027 0.999805 
0.903958 -0.017924 -0.000025 0.999839 
0.943167 -0.016301 -0.000023 0.999867 
0.982376 -0.014832 -0.000021 0.999890 
1.021584 -0.013500 -0.000018 0.999909 
1.060793 -0.012288 -0.000016 0.999924 
1.100002 -0.011184 -0.000013 0.999937 
1.139210 -0.010175 -0.000011 0.999948 
1.178419 -0.009252 -0.000008 0.999957 
1.217627 -0.008404 -0.000005 0.999965 
1.256836 -0.007624 -0.000003 0.999971 
1.296045 -0.006905 -0.000000 0.999976 
1.335253 -0.006241 0.000002 0.999981 
1.374462 -0.005625 0.000005 0.999984 
1.413671 -0.005054 0.000007 0.999987 
1.452879 -0.004522 0.000009 0.999990 
1.492088 -0.004025 0.000011 0.999992 
1.531296 -0.003559 0.000013 0.999994 
1.570505 -0.003122 0.000014 0.999995 
1.609714 -0.002709 0.000016 0.999996 
1.648922 -0.002319 0.000017 0.999997 
1.688131 -0.001949 0.000018 0.999998 
1.727340 -0.001596 0.000019 0.999999 
1.766548 -0.001258 0.000019 0.999999 
1.805757 -0.000933 0.000019 1.000000 
1.844966 -0.000620 0.000019 1.000000 
1.884174 -0.000316 0.000019 1.000000 
1.923383 -0.000019 0.000019 1.000000 
1.962591 0.000272 0.000018 1.000000 
2.001800 0.000558 0.000017 1.000000 
2.041009 0.000840 0.000016 1.000000 
2.080217 0.001122 0.000015 0.999999 
2.119426 0.001403 0.000014 0.999999 
2.158635 0.001684 0.000012 0.999999 
2.197843 0.001968 0.000011 0.999998 
2.237052 0.002256 0.000009 0.999997 
2.276260 0.002548 0.000007 0.999997 
2.315469 0.002846 0.000005 0.999996 
2.354678 0.003152 0.000003 0.999995 
2.393886 0.003466 0.000001 0.999994 
2.433095 0.003789 -0.000002 0.999993 
2.472304 0.004124 -0.000004 0.999991 
2.511512 0.004470 -0.000007 0.999990 
2.550721 0.004830 -0.000009 0.999988 
2.589929 0.005205 -0.000012 0.999986 
2.629138 0.005597 -0.000014 0.999984 
2.668347 0.006005 -0.000017 0.999982 
2.707555 0.006433 -0.000019 0.999979 
2.746764 0.006881 -0.000022 0.999976 
2.785973 0.007352 -0.000025 0.999973 
2.825181 0.007846 -0.000028 0.999969 
2.864390 0.008365 -0.000030 0.999965 
2.903598 0.008912 -0.000033 0.999960 
2.942807 0.009488 -0.000036 0.999955 
2.982016 0.010095 -0.000038 0.999949 
3.021224 0.010735 -0.000041 0.999942 
3.060433 0.011410 -0.000043 0.999935 
3.099642 0.012123 -0.000046 0.999927 
3.138850 0.012875 -0.000048 0.999917 
3.178059 0.013670 -0.000051 0.999907 
3.217267 0.014511 -0.000053 0.999895 
3.256476 0.015399 -0.000055 0.999881 
3.295685 0.016338 -0.000057 0.999867 
3.334893 0.017331 -0.000059 0.999850 
3.374102 0.018382 -0.000061 0.999831 
3.413311 0.019494 -0.000063 0.999810 
3.452519 0.020671 -0.000065 0.999786 
3.491728 0.021916 -0.000067 0.999760 
3.530936 0.023234 -0.000068 0.999730 
3.570145 0.024630 -0.000070 0.999697 
3.609354 0.026108 -0.000071 0.999659 
3.648562 0.027674 -0.000072 0.999617 
3.687771 0.029332 -0.000073 0.999570 
3.726980 0.031088 -0.000074 0.999517 
3.766188 0.032948 -0.000075 0.999457 
3.805397 0.034920 -0.000076 0.999390 
3.844606 0.037008 -0.000076 0.999315 
3.883814 0.039222 -0.000076 0.999231 
3.923023 0.041567 -0.000077 0.999136 
3.962231 0.044054 -0.000077 0.999029 
4.001440 0.046689 -0.000076 0.998909 
4.040649 0.049482 -0.000076 0.998775 
4.079857 0.052442 -0.000076 0.998624 
4.119066 0.055581 -0.000075 0.998454 
4.158275 0.058909 -0.000075 0.998263 
4.197483 0.062437 -0.000074 0.998049 
4.236692 0.066178 -0.000073 0.997808 
4.275900 0.070145 -0.000072 0.997537 
4.315109 0.074351 -0.000071 0.997232 
4.354318 0.078811 -0.000070 0.996890 
4.393526 0.083541 -0.000068 0.996504 
4.432735 0.088557 -0.000067 0.996071 
4.471944 0.093875 -0.000065 0.995584 
4.511152 0.099516 -0.000064 0.995036 
4.550361 0.105497 -0.000062 0.994420 
4.589569 0.111840 -0.000060 0.993726 
4.628778 0.118567 -0.000058 0.992946 
4.667987 0.125699 -0.000056 0.992068 
4.707195 0.133261 -0.000054 0.991081 
4.746404 0.141279 -0.000052 0.989970 
4.785613 0.149779 -0.000050 0.988719 
4.824821 0.158790 -0.000048 0.987312 
4.864030 0.168340 -0.000046 0.985729 
4.903238 0.178460 -0.000044 0.983947 
4.942447 0.189183 -0.000041 0.981942 
4.981656 0.200541 -0.000039 0.979685 
5.020864 0.212570 -0.000037 0.977146 
5.060073 0.225304 -0.000034 0.974288 
5.099282 0.238781 -0.000032 0.971073 
5.138490 0.253037 -0.000030 0.967456 
5.177699 0.268111 -0.000027 0.963388 
5.216907 0.284041 -0.000025 0.958812 
5.256116 0.300863 -0.000023 0.953667 
5.295325 0.318616 -0.000021 0.947884 
5.334533 0.337334 -0.000018 0.941385 
5.373742 0.357051 -0.000016 0.934085 
5.412951 0.377797 -0.000014 0.925888 
5.452159 0.399597 -0.000012 0.916691 
5.491368 0.422470 -0.000010 0.906377 
5.530576 0.446430 -0.000008 0.894819 
5.569785 0.471478 -0.000007 0.881878 
5.608994 0.497605 -0.000005 0.867404 
5.648202 0.524789 -0.000003 0.851232 
5.687411 0.552989 -0.000002 0.833188 
5.726620 0.582144 -0.000001 0.813085 
5.765828 0.612170 0.000001 0.790726 
5.805037 0.642952 0.000002 0.765906 
5.844246 0.674348 0.000003 0.738414 
5.883454 0.706176 0.000003 0.708036 
5.922663 0.738217 0.000004 0.674564 
5.961871 0.770207 0.000005 0.637794 
6.001080 0.801837 0.000005 0.597543 
6.040289 0.832750 0.000005 0.553649 
6.079497 0.862542 0.000005 0.505986 
6.118706 0.890761 0.000005 0.454472 
