0.237412 -0.150231 0.000009 0.988651 
0.276620 -0.125621 0.000009 0.992078 
0.315829 -0.106763 0.000010 0.994285 
0.355038 -0.091868 0.000011 0.995771 
0.394246 -0.079823 0.000012 0.996809 
0.433455 -0.069901 0.000013 0.997554 
0.472664 -0.061604 0.000014 0.998101 
0.511872 -0.054580 0.000016 0.998509 
0.551081 -0.048573 0.000017 0.998820 
0.590289 -0.043390 0.000019 0.999058 
0.629498 -0.038885 0.000021 0.999244 
0.668707 -0.034945 0.000023 0.999389 
0.707915 -0.031480 0.000024 0.999504 
0.747124 -0.028417 0.000026 0.999596 
0.786333 -0.025698 0.000028 0.999670 
0.825541 -0.023276 0.000030 0.999729 
0.864750 -0.021109 0.000032 0.999777 
0.903958 -0.019166 0.000034 0.999816 
0.943167 -0.017418 0.000036 0.999848 
0.982376 -0.015841 0.000038 0.999875 
1.021584 -0.014415 0.000040 0.999896 
1.060793 -0.013123 0.000042 0.999914 
1.100002 -0.011950 0.000043 0.999929 
1.139210 -0.010881 0.000045 0.999941 
1.178419 -0.009907 0.000046 0.999951 
1.217627 -0.009017 0.000047 0.999959 
1.256836 -0.008202 0.000048 0.999966 
1.296045 -0.007453 0.000049 0.999972 
1.335253 -0.006766 0.000049 0.999977 
1.374462 -0.006132 0.000049 0.999981 
1.413671 -0.005547 0.000049 0.999985 
1.452879 -0.005005 0.000049 0.999987 
1.492088 -0.004503 0.000048 0.999990 
1.531296 -0.004036 0.000048 0.999992 
1.570505 -0.003601 0.000046 0.999994 
1.609714 -0.003193 0.000045 0.999995 
1.648922 -0.002811 0.000043 0.999996 
1.688131 -0.002451 0.000041 0.999997 
1.727340 -0.002112 0.000039 0.999998 
1.766548 -0.001790 0.000037 0.999998 
1.805757 -0.001483 0.000034 0.999999 
1.844966 -0.001190 0.000031 0.999999 
1.884174 -0.000909 0.000028 1.000000 
1.923383 -0.000638 0.000025 1.000000 
1.962591 -0.000375 0.000021 1.000000 
2.001800 -0.000118 0.000018 1.000000 
2.041009 0.000133 0.000014 1.000000 
2.080217 0.000379 0.000010 1.000000 
2.119426 0.000624 0.000007 1.000000 
2.158635 0.000867 0.000003 1.000000 
2.197843 0.001110 -0.000001 0.999999 
2.237052 0.001353 -0.000005 0.999999 
2.276260 0.001600 -0.000009 0.999999 
2.315469 0.001849 -0.000013 0.999998 
2.354678 0.002103 -0.000017 0.999998 
2.393886 0.002363 -0.000020 0.999997 
2.433095 0.002630 -0.000024 0.999997 
2.472304 0.002904 -0.000028 0.999996 
2.511512 0.003188 -0.000031 0.999995 
2.550721 0.003482 -0.000035 0.999994 
2.589929 0.003787 -0.000038 0.999993 
2.629138 0.004105 -0.000041 0.999992 
2.668347 0.004437 -0.000044 0.999990 
2.707555 0.004784 -0.000046 0.999989 
2.746764 0.005148 -0.000049 0.999987 
2.785973 0.005530 -0.000051 0.999985 
2.825181 0.005931 -0.000054 0.999982 
2.864390 0.006354 -0.000056 0.999980 
2.903598 0.006798 -0.000057 0.999977 
2.942807 0.007267 -0.000059 0.999974 
2.982016 0.007762 -0.000061 0.999970 
3.021224 0.008284 -0.000062 0.999966 
3.060433 0.008836 -0.000063 0.999961 
3.099642 0.009420 -0.000064 0.999956 
3.138850 0.010037 -0.000065 0.999950 
3.178059 0.010690 -0.000065 0.999943 
3.217267 0.011382 -0.000066 0.999935 
3.256476 0.012115 -0.000066 0.999927 
3.295685 0.012891 -0.000066 0.999917 
3.334893 0.013714 -0.000066 0.999906 
3.374102 0.014586 -0.000066 0.999894 
3.413311 0.015510 -0.000065 0.999880 
3.452519 0.016491 -0.000065 0.999864 
3.491728 0.017532 -0.000064 0.999846 
3.530936 0.018635 -0.000063 0.999826 
3.570145 0.019807 -0.000062 0.999804 
3.609354 0.021050 -0.000061 0.999778 
3.648562 0.022370 -0.000060 0.999750 
3.687771 0.023770 -0.000059 0.999717 
3.726980 0.025258 -0.000058 0.999681 
3.766188 0.026837 -0.000056 0.999640 
3.805397 0.028515 -0.000055 0.999593 
3.844606 0.030296 -0.000053 0.999541 
3.883814 0.032188 -0.000052 0.999482 
3.923023 0.034198 -0.000050 0.999415 
3.962231 0.036334 -0.000048 0.999340 
4.001440 0.038603 -0.000046 0.999255 
4.040649 0.041014 -0.000044 0.999159 
4.079857 0.043576 -0.000043 0.999050 
4.119066 0.046298 -0.000041 0.998928 
4.158275 0.049191 -0.000039 0.998789 
4.197483 0.052267 -0.000037 0.998633 
4.236692 0.055535 -0.000035 0.998457 
4.275900 0.059009 -0.000033 0.998257 
4.315109 0.062702 -0.000031 0.998032 
4.354318 0.066628 -0.000029 0.997778 
4.393526 0.070801 -0.000027 0.997490 
4.432735 0.075238 -0.000026 0.997166 
4.471944 0.079954 -0.000024 0.996799 
4.511152 0.084969 -0.000022 0.996384 
4.550361 0.090300 -0.000020 0.995915 
4.589569 0.095967 -0.000018 0.995384 
4.628778 0.101993 -0.000017 0.994785 
4.667987 0.108399 -0.000015 0.994108 
4.707195 0.115208 -0.000013 0.993341 
4.746404 0.122447 -0.000012 0.992475 
4.785613 0.130142 -0.000010 0.991495 
4.824821 0.138321 -0.000009 0.990387 
4.864030 0.147014 -0.000007 0.989134 
4.903238 0.156251 -0.000005 0.987717 
4.942447 0.166066 -0.000004 0.986115 
4.981656 0.176492 -0.000002 0.984302 
5.020864 0.187567 -0.000001 0.982252 
5.060073 0.199326 0.000000 0.979933 
5.099282 0.211809 0.000002 0.977311 
5.138490 0.225055 0.000003 0.974346 
5.177699 0.239107 0.000005 0.970993 
5.216907 0.254006 0.000006 0.967203 
5.256116 0.269795 0.000007 0.962918 
5.295325 0.286517 0.000009 0.958075 
5.334533 0.304214 0.000010 0.952604 
5.373742 0.322928 0.000011 0.946424 
5.412951 0.342697 0.000012 0.939446 
5.452159 0.363560 0.000013 0.931571 
5.491368 0.385547 0.000014 0.922688 
5.530576 0.408687 0.000015 0.912675 
5.569785 0.432998 0.000016 0.901395 
5.608994 0.458490 0.000017 0.888700 
5.648202 0.485160 0.000018 0.874425 
5.687411 0.512991 0.000019 0.858394 
5.726620 0.541948 0.000020 0.840412 
5.765828 0.571970 0.000021 0.820274 
5.805037 0.602975 0.000021 0.797760 
5.844246 0.634846 0.000022 0.772639 
5.883454 0.667431 0.000022 0.744672 
5.922663 0.700538 0.000023 0.713615 
5.961871 0.733928 0.000023 0.679227 
6.001080 0.767312 0.000023 0.641273 
6.040289 0.800348 0.000023 0.599536 
6.079497 0.832634 0.000023 0.553823 
6.118706 0.863714 0.000023 0.503983 
