0.237412 -0.143122 -0.000011 0.989705 
0.276620 -0.119751 -0.000012 0.992804 
0.315829 -0.101852 -0.000013 0.994800 
0.355038 -0.087716 -0.000013 0.996146 
0.394246 -0.076284 -0.000013 0.997086 
0.433455 -0.066865 -0.000013 0.997762 
0.472664 -0.058985 -0.000013 0.998259 
0.511872 -0.052311 -0.000013 0.998631 
0.551081 -0.046598 -0.000012 0.998914 
0.590289 -0.041666 -0.000011 0.999132 
0.629498 -0.037376 -0.000011 0.999301 
0.668707 -0.033620 -0.000009 0.999435 
0.707915 -0.030313 -0.000008 0.999540 
0.747124 -0.027387 -0.000007 0.999625 
0.786333 -0.024786 -0.000005 0.999693 
0.825541 -0.022465 -0.000003 0.999748 
0.864750 -0.020388 -0.000001 0.999792 
0.903958 -0.018521 0.000001 0.999828 
0.943167 -0.016840 0.000003 0.999858 
0.982376 -0.015321 0.000005 0.999883 
1.021584 -0.013945 0.000007 0.999903 
1.060793 -0.012696 0.000009 0.999919 
1.100002 -0.011559 0.000011 0.999933 
1.139210 -0.010523 0.000014 0.999945 
1.178419 -0.009575 0.000016 0.999954 
1.217627 -0.008707 0.000018 0.999962 
1.256836 -0.007911 0.000020 0.999969 
1.296045 -0.007178 0.000021 0.999974 
1.335253 -0.006502 0.000023 0.999979 
1.374462 -0.005878 0.000024 0.999983 
1.413671 -0.005300 0.000026 0.999986 
1.452879 -0.004763 0.000027 0.999989 
1.492088 -0.004263 0.000027 0.999991 
1.531296 -0.003797 0.000028 0.999993 
1.570505 -0.003360 0.000028 0.999994 
1.609714 -0.002950 0.000029 0.999996 
1.648922 -0.002563 0.000029 0.999997 
1.688131 -0.002198 0.000028 0.999998 
1.727340 -0.001851 0.000028 0.999998 
1.766548 -0.001520 0.000027 0.999999 
1.805757 -0.001204 0.000026 0.999999 
1.844966 -0.000899 0.000025 1.000000 
1.884174 -0.000606 0.000023 1.000000 
1.923383 -0.000321 0.000022 1.000000 
1.962591 -0.000043 0.000020 1.000000 
2.001800 0.000229 0.000018 1.000000 
2.041009 0.000497 0.000016 1.000000 
2.080217 0.000762 0.000013 1.000000 
2.119426 0.001026 0.000011 0.999999 
2.158635 0.001290 0.000008 0.999999 
2.197843 0.001555 0.000006 0.999999 
2.237052 0.001822 0.000003 0.999998 
2.276260 0.002093 0.000000 0.999998 
2.315469 0.002369 -0.000002 0.999997 
2.354678 0.002650 -0.000005 0.999996 
2.393886 0.002939 -0.000008 0.999996 
2.433095 0.003236 -0.000011 0.999995 
2.472304 0.003543 -0.000014 0.999994 
2.511512 0.003860 -0.000017 0.999993 
2.550721 0.004190 -0.000020 0.999991 
2.589929 0.004532 -0.000023 0.999990 
2.629138 0.004890 -0.000025 0.999988 
2.668347 0.005263 -0.000028 0.999986 
2.707555 0.005653 -0.000031 0.999984 
2.746764 0.006063 -0.000033 0.999982 
2.785973 0.006492 -0.000036 0.999979 
2.825181 0.006943 -0.000039 0.999976 
2.864390 0.007418 -0.000041 0.999972 
2.903598 0.007918 -0.000043 0.999969 
2.942807 0.008444 -0.000045 0.999964 
2.982016 0.008999 -0.000048 0.999960 
3.021224 0.009585 -0.000050 0.999954 
3.060433 0.010204 -0.000051 0.999948 
3.099642 0.010857 -0.000053 0.999941 
3.138850 0.011548 -0.000055 0.999933 
3.178059 0.012278 -0.000057 0.999925 
3.217267 0.013050 -0.000058 0.999915 
3.256476 0.013867 -0.000059 0.999904 
3.295685 0.014731 -0.000061 0.999891 
3.334893 0.015646 -0.000062 0.999878 
3.374102 0.016615 -0.000063 0.999862 
3.413311 0.017641 -0.000064 0.999844 
3.452519 0.018728 -0.000064 0.999825 
3.491728 0.019880 -0.000065 0.999802 
3.530936 0.021100 -0.000066 0.999777 
3.570145 0.022393 -0.000066 0.999749 
3.609354 0.023764 -0.000066 0.999718 
3.648562 0.025217 -0.000067 0.999682 
3.687771 0.026757 -0.000067 0.999642 
3.726980 0.028391 -0.000066 0.999597 
3.766188 0.030123 -0.000066 0.999546 
3.805397 0.031960 -0.000066 0.999489 
3.844606 0.033909 -0.000066 0.999425 
3.883814 0.035976 -0.000065 0.999353 
3.923023 0.038169 -0.000064 0.999271 
3.962231 0.040495 -0.000064 0.999180 
4.001440 0.042964 -0.000063 0.999077 
4.040649 0.045583 -0.000062 0.998961 
4.079857 0.048362 -0.000061 0.998830 
4.119066 0.051312 -0.000060 0.998683 
4.158275 0.054442 -0.000058 0.998517 
4.197483 0.057764 -0.000057 0.998330 
4.236692 0.061291 -0.000056 0.998120 
4.275900 0.065034 -0.000054 0.997883 
4.315109 0.069007 -0.000053 0.997616 
4.354318 0.073225 -0.000051 0.997315 
4.393526 0.077703 -0.000050 0.996977 
4.432735 0.082456 -0.000048 0.996595 
4.471944 0.087502 -0.000046 0.996164 
4.511152 0.092859 -0.000045 0.995679 
4.550361 0.098546 -0.000043 0.995132 
4.589569 0.104584 -0.000041 0.994516 
4.628778 0.110993 -0.000039 0.993821 
4.667987 0.117797 -0.000037 0.993038 
4.707195 0.125020 -0.000036 0.992154 
4.746404 0.132687 -0.000034 0.991158 
4.785613 0.140824 -0.000032 0.990035 
4.824821 0.149460 -0.000030 0.988768 
4.864030 0.158623 -0.000028 0.987339 
4.903238 0.168346 -0.000026 0.985728 
4.942447 0.178661 -0.000024 0.983911 
4.981656 0.189600 -0.000022 0.981861 
5.020864 0.201201 -0.000020 0.979550 
5.060073 0.213497 -0.000018 0.976944 
5.099282 0.226529 -0.000016 0.974004 
5.138490 0.240333 -0.000014 0.970690 
5.177699 0.254951 -0.000012 0.966954 
5.216907 0.270420 -0.000010 0.962742 
5.256116 0.286782 -0.000008 0.957996 
5.295325 0.304076 -0.000007 0.952648 
5.334533 0.322341 -0.000005 0.946623 
5.373742 0.341614 -0.000003 0.939840 
5.412951 0.361929 -0.000001 0.932206 
5.452159 0.383317 0.000000 0.923617 
5.491368 0.405803 0.000002 0.913961 
5.530576 0.429406 0.000003 0.903112 
5.569785 0.454137 0.000005 0.890932 
5.608994 0.479994 0.000006 0.877272 
5.648202 0.506964 0.000007 0.861967 
5.687411 0.535018 0.000009 0.844841 
5.726620 0.564104 0.000010 0.825704 
5.765828 0.594151 0.000011 0.804354 
5.805037 0.625057 0.000012 0.780579 
5.844246 0.656692 0.000012 0.754159 
5.883454 0.688887 0.000013 0.724869 
5.922663 0.721434 0.000014 0.692483 
5.961871 0.754080 0.000014 0.656782 
6.001080 0.786525 0.000015 0.617558 
6.040289 0.818417 0.000015 0.574624 
6.079497 0.849353 0.000015 0.527825 
6.118706 0.878877 0.000015 0.477048 
