0.237412 -0.139199 -0.000022 0.990264 
0.276620 -0.116503 -0.000023 0.993190 
0.315829 -0.099125 -0.000024 0.995075 
0.355038 -0.085403 -0.000025 0.996347 
0.394246 -0.074305 -0.000026 0.997236 
0.433455 -0.065160 -0.000027 0.997875 
0.472664 -0.057509 -0.000027 0.998345 
0.511872 -0.051026 -0.000027 0.998697 
0.551081 -0.045475 -0.000027 0.998965 
0.590289 -0.040681 -0.000027 0.999172 
0.629498 -0.036509 -0.000027 0.999333 
0.668707 -0.032854 -0.000026 0.999460 
0.707915 -0.029635 -0.000025 0.999561 
0.747124 -0.026784 -0.000024 0.999641 
0.786333 -0.024250 -0.000022 0.999706 
0.825541 -0.021987 -0.000021 0.999758 
0.864750 -0.019959 -0.000019 0.999801 
0.903958 -0.018136 -0.000017 0.999836 
0.943167 -0.016492 -0.000015 0.999864 
0.982376 -0.015006 -0.000012 0.999887 
1.021584 -0.013658 -0.000010 0.999907 
1.060793 -0.012434 -0.000008 0.999923 
1.100002 -0.011318 -0.000005 0.999936 
1.139210 -0.010300 -0.000003 0.999947 
1.178419 -0.009368 -0.000000 0.999956 
1.217627 -0.008513 0.000002 0.999964 
1.256836 -0.007727 0.000005 0.999970 
1.296045 -0.007003 0.000007 0.999975 
1.335253 -0.006335 0.000009 0.999980 
1.374462 -0.005716 0.000011 0.999984 
1.413671 -0.005142 0.000013 0.999987 
1.452879 -0.004609 0.000015 0.999989 
1.492088 -0.004110 0.000016 0.999992 
1.531296 -0.003645 0.000018 0.999993 
1.570505 -0.003207 0.000019 0.999995 
1.609714 -0.002796 0.000020 0.999996 
1.648922 -0.002407 0.000021 0.999997 
1.688131 -0.002038 0.000021 0.999998 
1.727340 -0.001687 0.000022 0.999999 
1.766548 -0.001352 0.000022 0.999999 
1.805757 -0.001030 0.000022 0.999999 
1.844966 -0.000720 0.000021 1.000000 
1.884174 -0.000419 0.000021 1.000000 
1.923383 -0.000127 0.000020 1.000000 
1.962591 0.000160 0.000019 1.000000 
2.001800 0.000441 0.000018 1.000000 
2.041009 0.000718 0.000016 1.000000 
2.080217 0.000994 0.000015 1.000000 
2.119426 0.001269 0.000013 0.999999 
2.158635 0.001545 0.000011 0.999999 
2.197843 0.001822 0.000009 0.999998 
2.237052 0.002102 0.000007 0.999998 
2.276260 0.002387 0.000005 0.999997 
2.315469 0.002678 0.000003 0.999996 
2.354678 0.002975 0.000000 0.999996 
2.393886 0.003280 -0.000002 0.999995 
2.433095 0.003594 -0.000005 0.999994 
2.472304 0.003919 -0.000007 0.999992 
2.511512 0.004256 -0.000010 0.999991 
2.550721 0.004605 -0.000012 0.999989 
2.589929 0.004969 -0.000015 0.999988 
2.629138 0.005348 -0.000018 0.999986 
2.668347 0.005745 -0.000020 0.999983 
2.707555 0.006159 -0.000023 0.999981 
2.746764 0.006594 -0.000026 0.999978 
2.785973 0.007050 -0.000028 0.999975 
2.825181 0.007530 -0.000031 0.999972 
2.864390 0.008034 -0.000034 0.999968 
2.903598 0.008564 -0.000036 0.999963 
2.942807 0.009123 -0.000039 0.999958 
2.982016 0.009712 -0.000041 0.999953 
3.021224 0.010333 -0.000043 0.999947 
3.060433 0.010989 -0.000046 0.999940 
3.099642 0.011681 -0.000048 0.999932 
3.138850 0.012412 -0.000050 0.999923 
3.178059 0.013185 -0.000052 0.999913 
3.217267 0.014001 -0.000054 0.999902 
3.256476 0.014865 -0.000056 0.999890 
3.295685 0.015778 -0.000058 0.999876 
3.334893 0.016745 -0.000060 0.999860 
3.374102 0.017767 -0.000062 0.999842 
3.413311 0.018849 -0.000063 0.999822 
3.452519 0.019995 -0.000065 0.999800 
3.491728 0.021208 -0.000066 0.999775 
3.530936 0.022492 -0.000067 0.999747 
3.570145 0.023853 -0.000068 0.999715 
3.609354 0.025294 -0.000069 0.999680 
3.648562 0.026821 -0.000070 0.999640 
3.687771 0.028438 -0.000071 0.999596 
3.726980 0.030152 -0.000072 0.999545 
3.766188 0.031968 -0.000072 0.999489 
3.805397 0.033894 -0.000072 0.999425 
3.844606 0.035934 -0.000072 0.999354 
3.883814 0.038097 -0.000072 0.999274 
3.923023 0.040390 -0.000072 0.999184 
3.962231 0.042821 -0.000072 0.999083 
4.001440 0.045399 -0.000072 0.998969 
4.040649 0.048132 -0.000071 0.998841 
4.079857 0.051031 -0.000071 0.998697 
4.119066 0.054104 -0.000070 0.998535 
4.158275 0.057364 -0.000069 0.998353 
4.197483 0.060822 -0.000068 0.998149 
4.236692 0.064489 -0.000067 0.997918 
4.275900 0.068379 -0.000066 0.997659 
4.315109 0.072505 -0.000065 0.997368 
4.354318 0.076882 -0.000063 0.997040 
4.393526 0.081525 -0.000062 0.996671 
4.432735 0.086451 -0.000060 0.996256 
4.471944 0.091676 -0.000059 0.995789 
4.511152 0.097219 -0.000057 0.995263 
4.550361 0.103100 -0.000056 0.994671 
4.589569 0.109338 -0.000054 0.994005 
4.628778 0.115955 -0.000052 0.993254 
4.667987 0.122975 -0.000050 0.992410 
4.707195 0.130421 -0.000048 0.991459 
4.746404 0.138319 -0.000046 0.990388 
4.785613 0.146695 -0.000044 0.989182 
4.824821 0.155577 -0.000042 0.987824 
4.864030 0.164995 -0.000040 0.986294 
4.903238 0.174979 -0.000038 0.984572 
4.942447 0.185562 -0.000035 0.982632 
4.981656 0.196778 -0.000033 0.980448 
5.020864 0.208660 -0.000031 0.977988 
5.060073 0.221245 -0.000029 0.975218 
5.099282 0.234570 -0.000027 0.972099 
5.138490 0.248672 -0.000024 0.968588 
5.177699 0.263590 -0.000022 0.964635 
5.216907 0.279363 -0.000020 0.960186 
5.256116 0.296029 -0.000018 0.955179 
5.295325 0.313626 -0.000016 0.949547 
5.334533 0.332190 -0.000014 0.943212 
5.373742 0.351756 -0.000012 0.936092 
5.412951 0.372356 -0.000010 0.928090 
5.452159 0.394017 -0.000008 0.919103 
5.491368 0.416760 -0.000006 0.909017 
5.530576 0.440600 -0.000004 0.897704 
5.569785 0.465542 -0.000003 0.885026 
5.608994 0.491580 -0.000001 0.870832 
5.648202 0.518694 0.000001 0.854960 
5.687411 0.546848 0.000002 0.837232 
5.726620 0.575983 0.000003 0.817462 
5.765828 0.606020 0.000004 0.795450 
5.805037 0.636849 0.000005 0.770988 
5.844246 0.668331 0.000006 0.743864 
5.883454 0.700290 0.000007 0.713859 
5.922663 0.732509 0.000008 0.680758 
5.961871 0.764728 0.000008 0.644353 
6.001080 0.796642 0.000009 0.604452 
6.040289 0.827894 0.000009 0.560885 
6.079497 0.858081 0.000009 0.513514 
6.118706 0.886750 0.000009 0.462249 
