0.237412 -0.144987 -0.000006 0.989434 
0.276620 -0.121293 -0.000006 0.992617 
0.315829 -0.103144 -0.000007 0.994666 
0.355038 -0.088810 -0.000007 0.996049 
0.394246 -0.077219 -0.000007 0.997014 
0.433455 -0.067668 -0.000006 0.997708 
0.472664 -0.059679 -0.000006 0.998218 
0.511872 -0.052914 -0.000005 0.998599 
0.551081 -0.047124 -0.000005 0.998889 
0.590289 -0.042126 -0.000004 0.999112 
0.629498 -0.037780 -0.000002 0.999286 
0.668707 -0.033976 -0.000001 0.999423 
0.707915 -0.030627 0.000000 0.999531 
0.747124 -0.027665 0.000002 0.999617 
0.786333 -0.025033 0.000004 0.999687 
0.825541 -0.022685 0.000005 0.999743 
0.864750 -0.020584 0.000007 0.999788 
0.903958 -0.018698 0.000009 0.999825 
0.943167 -0.016998 0.000011 0.999856 
0.982376 -0.015464 0.000014 0.999880 
1.021584 -0.014075 0.000016 0.999901 
1.060793 -0.012814 0.000018 0.999918 
1.100002 -0.011668 0.000020 0.999932 
1.139210 -0.010623 0.000022 0.999944 
1.178419 -0.009668 0.000024 0.999953 
1.217627 -0.008794 0.000025 0.999961 
1.256836 -0.007992 0.000027 0.999968 
1.296045 -0.007255 0.000028 0.999974 
1.335253 -0.006576 0.000030 0.999978 
1.374462 -0.005949 0.000031 0.999982 
1.413671 -0.005369 0.000032 0.999986 
1.452879 -0.004831 0.000032 0.999988 
1.492088 -0.004331 0.000033 0.999991 
1.531296 -0.003864 0.000033 0.999993 
1.570505 -0.003427 0.000033 0.999994 
1.609714 -0.003018 0.000033 0.999995 
1.648922 -0.002633 0.000032 0.999997 
1.688131 -0.002269 0.000032 0.999997 
1.727340 -0.001923 0.000031 0.999998 
1.766548 -0.001595 0.000029 0.999999 
1.805757 -0.001281 0.000028 0.999999 
1.844966 -0.000980 0.000026 1.000000 
1.884174 -0.000690 0.000025 1.000000 
1.923383 -0.000408 0.000023 1.000000 
1.962591 -0.000135 0.000020 1.000000 
2.001800 0.000133 0.000018 1.000000 
2.041009 0.000397 0.000015 1.000000 
2.080217 0.000657 0.000013 1.000000 
2.119426 0.000916 0.000010 1.000000 
2.158635 0.001174 0.000007 0.999999 
2.197843 0.001433 0.000004 0.999999 
2.237052 0.001694 0.000001 0.999999 
2.276260 0.001959 -0.000002 0.999998 
2.315469 0.002227 -0.000005 0.999998 
2.354678 0.002502 -0.000008 0.999997 
2.393886 0.002783 -0.000011 0.999996 
2.433095 0.003072 -0.000014 0.999995 
2.472304 0.003370 -0.000018 0.999994 
2.511512 0.003678 -0.000021 0.999993 
2.550721 0.003998 -0.000024 0.999992 
2.589929 0.004331 -0.000027 0.999991 
2.629138 0.004678 -0.000029 0.999989 
2.668347 0.005040 -0.000032 0.999987 
2.707555 0.005419 -0.000035 0.999985 
2.746764 0.005817 -0.000037 0.999983 
2.785973 0.006233 -0.000040 0.999981 
2.825181 0.006672 -0.000042 0.999978 
2.864390 0.007132 -0.000045 0.999975 
2.903598 0.007617 -0.000047 0.999971 
2.942807 0.008129 -0.000049 0.999967 
2.982016 0.008668 -0.000051 0.999962 
3.021224 0.009237 -0.000053 0.999957 
3.060433 0.009838 -0.000054 0.999952 
3.099642 0.010473 -0.000056 0.999945 
3.138850 0.011144 -0.000057 0.999938 
3.178059 0.011854 -0.000059 0.999930 
3.217267 0.012605 -0.000060 0.999921 
3.256476 0.013400 -0.000061 0.999910 
3.295685 0.014241 -0.000062 0.999899 
3.334893 0.015132 -0.000063 0.999886 
3.374102 0.016075 -0.000063 0.999871 
3.413311 0.017075 -0.000064 0.999854 
3.452519 0.018134 -0.000064 0.999836 
3.491728 0.019256 -0.000065 0.999815 
3.530936 0.020446 -0.000065 0.999791 
3.570145 0.021707 -0.000065 0.999764 
3.609354 0.023044 -0.000065 0.999734 
3.648562 0.024462 -0.000065 0.999701 
3.687771 0.025966 -0.000065 0.999663 
3.726980 0.027562 -0.000064 0.999620 
3.766188 0.029254 -0.000064 0.999572 
3.805397 0.031049 -0.000063 0.999518 
3.844606 0.032954 -0.000062 0.999457 
3.883814 0.034975 -0.000061 0.999388 
3.923023 0.037120 -0.000060 0.999311 
3.962231 0.039397 -0.000059 0.999224 
4.001440 0.041813 -0.000058 0.999125 
4.040649 0.044378 -0.000057 0.999015 
4.079857 0.047100 -0.000056 0.998890 
4.119066 0.049991 -0.000055 0.998750 
4.158275 0.053059 -0.000053 0.998591 
4.197483 0.056317 -0.000052 0.998413 
4.236692 0.059776 -0.000050 0.998212 
4.275900 0.063449 -0.000049 0.997985 
4.315109 0.067349 -0.000047 0.997729 
4.354318 0.071491 -0.000045 0.997441 
4.393526 0.075889 -0.000044 0.997116 
4.432735 0.080560 -0.000042 0.996750 
4.471944 0.085520 -0.000040 0.996336 
4.511152 0.090788 -0.000039 0.995870 
4.550361 0.096383 -0.000037 0.995344 
4.589569 0.102324 -0.000035 0.994751 
4.628778 0.108634 -0.000033 0.994082 
4.667987 0.115334 -0.000032 0.993327 
4.707195 0.122450 -0.000030 0.992475 
4.746404 0.130005 -0.000028 0.991513 
4.785613 0.138027 -0.000026 0.990428 
4.824821 0.146545 -0.000024 0.989204 
4.864030 0.155586 -0.000022 0.987822 
4.903238 0.165183 -0.000020 0.986263 
4.942447 0.175368 -0.000019 0.984503 
4.981656 0.186175 -0.000017 0.982517 
5.020864 0.197639 -0.000015 0.980275 
5.060073 0.209797 -0.000013 0.977745 
5.099282 0.222687 -0.000011 0.974890 
5.138490 0.236348 -0.000009 0.971669 
5.177699 0.250819 -0.000008 0.968034 
5.216907 0.266142 -0.000006 0.963934 
5.256116 0.282356 -0.000004 0.959310 
5.295325 0.299503 -0.000003 0.954095 
5.334533 0.317623 -0.000001 0.948217 
5.373742 0.336752 0.000001 0.941593 
5.412951 0.356928 0.000002 0.934132 
5.452159 0.378182 0.000004 0.925731 
5.491368 0.400541 0.000005 0.916279 
5.530576 0.424027 0.000007 0.905649 
5.569785 0.448652 0.000008 0.893706 
5.608994 0.474419 0.000009 0.880299 
5.648202 0.501316 0.000010 0.865265 
5.687411 0.529316 0.000012 0.848425 
5.726620 0.558373 0.000013 0.829590 
5.765828 0.588419 0.000014 0.808556 
5.805037 0.619357 0.000014 0.785110 
5.844246 0.651058 0.000015 0.759028 
5.883454 0.683361 0.000016 0.730081 
5.922663 0.716059 0.000016 0.698040 
5.961871 0.748904 0.000017 0.662678 
6.001080 0.781599 0.000017 0.623782 
6.040289 0.813793 0.000017 0.581155 
6.079497 0.845083 0.000017 0.534635 
6.118706 0.875015 0.000017 0.484097 
