0.237412 -0.120258 -0.000055 0.992743 
0.276620 -0.100750 -0.000058 0.994912 
0.315829 -0.085833 -0.000061 0.996310 
0.355038 -0.074061 -0.000064 0.997254 
0.394246 -0.064542 -0.000067 0.997915 
0.433455 -0.056694 -0.000070 0.998392 
0.472664 -0.050122 -0.000072 0.998743 
0.511872 -0.044548 -0.000074 0.999007 
0.551081 -0.039769 -0.000076 0.999209 
0.590289 -0.035634 -0.000077 0.999365 
0.629498 -0.032029 -0.000078 0.999487 
0.668707 -0.028863 -0.000079 0.999583 
0.707915 -0.026068 -0.000079 0.999660 
0.747124 -0.023587 -0.000079 0.999722 
0.786333 -0.021374 -0.000078 0.999772 
0.825541 -0.019392 -0.000077 0.999812 
0.864750 -0.017610 -0.000075 0.999845 
0.903958 -0.016002 -0.000073 0.999872 
0.943167 -0.014546 -0.000071 0.999894 
0.982376 -0.013224 -0.000069 0.999913 
1.021584 -0.012020 -0.000066 0.999928 
1.060793 -0.010921 -0.000063 0.999940 
1.100002 -0.009914 -0.000059 0.999951 
1.139210 -0.008990 -0.000056 0.999960 
1.178419 -0.008139 -0.000052 0.999967 
1.217627 -0.007353 -0.000048 0.999973 
1.256836 -0.006626 -0.000045 0.999978 
1.296045 -0.005951 -0.000041 0.999982 
1.335253 -0.005322 -0.000037 0.999986 
1.374462 -0.004736 -0.000033 0.999989 
1.413671 -0.004186 -0.000029 0.999991 
1.452879 -0.003670 -0.000025 0.999993 
1.492088 -0.003184 -0.000021 0.999995 
1.531296 -0.002724 -0.000017 0.999996 
1.570505 -0.002288 -0.000014 0.999997 
1.609714 -0.001872 -0.000010 0.999998 
1.648922 -0.001474 -0.000007 0.999999 
1.688131 -0.001091 -0.000004 0.999999 
1.727340 -0.000723 -0.000001 1.000000 
1.766548 -0.000365 0.000002 1.000000 
1.805757 -0.000018 0.000004 1.000000 
1.844966 0.000323 0.000006 1.000000 
1.884174 0.000657 0.000009 1.000000 
1.923383 0.000986 0.000010 1.000000 
1.962591 0.001313 0.000012 0.999999 
2.001800 0.001638 0.000013 0.999999 
2.041009 0.001964 0.000014 0.999998 
2.080217 0.002291 0.000015 0.999997 
2.119426 0.002621 0.000016 0.999997 
2.158635 0.002955 0.000016 0.999996 
2.197843 0.003294 0.000016 0.999995 
2.237052 0.003640 0.000016 0.999993 
2.276260 0.003995 0.000015 0.999992 
2.315469 0.004359 0.000015 0.999991 
2.354678 0.004733 0.000014 0.999989 
2.393886 0.005120 0.000013 0.999987 
2.433095 0.005520 0.000011 0.999985 
2.472304 0.005936 0.000010 0.999982 
2.511512 0.006367 0.000008 0.999980 
2.550721 0.006816 0.000006 0.999977 
2.589929 0.007284 0.000004 0.999973 
2.629138 0.007773 0.000001 0.999970 
2.668347 0.008284 -0.000001 0.999966 
2.707555 0.008819 -0.000004 0.999961 
2.746764 0.009379 -0.000007 0.999956 
2.785973 0.009967 -0.000010 0.999950 
2.825181 0.010585 -0.000013 0.999944 
2.864390 0.011233 -0.000016 0.999937 
2.903598 0.011915 -0.000020 0.999929 
2.942807 0.012632 -0.000023 0.999920 
2.982016 0.013387 -0.000027 0.999910 
3.021224 0.014182 -0.000030 0.999899 
3.060433 0.015019 -0.000034 0.999887 
3.099642 0.015901 -0.000038 0.999874 
3.138850 0.016830 -0.000042 0.999858 
3.178059 0.017811 -0.000046 0.999841 
3.217267 0.018844 -0.000050 0.999822 
3.256476 0.019935 -0.000054 0.999801 
3.295685 0.021086 -0.000058 0.999778 
3.334893 0.022301 -0.000062 0.999751 
3.374102 0.023583 -0.000066 0.999722 
3.413311 0.024937 -0.000070 0.999689 
3.452519 0.026366 -0.000073 0.999652 
3.491728 0.027875 -0.000077 0.999611 
3.530936 0.029470 -0.000081 0.999566 
3.570145 0.031154 -0.000084 0.999515 
3.609354 0.032933 -0.000087 0.999458 
3.648562 0.034814 -0.000090 0.999394 
3.687771 0.036800 -0.000093 0.999323 
3.726980 0.038900 -0.000096 0.999243 
3.766188 0.041118 -0.000099 0.999154 
3.805397 0.043464 -0.000101 0.999055 
3.844606 0.045943 -0.000104 0.998944 
3.883814 0.048563 -0.000106 0.998820 
3.923023 0.051334 -0.000108 0.998682 
3.962231 0.054263 -0.000109 0.998527 
4.001440 0.057360 -0.000111 0.998354 
4.040649 0.060635 -0.000112 0.998160 
4.079857 0.064098 -0.000113 0.997944 
4.119066 0.067760 -0.000114 0.997702 
4.158275 0.071633 -0.000114 0.997431 
4.197483 0.075729 -0.000115 0.997128 
4.236692 0.080061 -0.000115 0.996790 
4.275900 0.084643 -0.000115 0.996411 
4.315109 0.089488 -0.000115 0.995988 
4.354318 0.094614 -0.000114 0.995514 
4.393526 0.100035 -0.000114 0.994984 
4.432735 0.105769 -0.000113 0.994391 
4.471944 0.111834 -0.000112 0.993727 
4.511152 0.118248 -0.000111 0.992984 
4.550361 0.125032 -0.000110 0.992153 
4.589569 0.132207 -0.000108 0.991222 
4.628778 0.139795 -0.000107 0.990180 
4.667987 0.147818 -0.000105 0.989015 
4.707195 0.156302 -0.000103 0.987709 
4.746404 0.165272 -0.000101 0.986248 
4.785613 0.174754 -0.000099 0.984612 
4.824821 0.184776 -0.000097 0.982781 
4.864030 0.195367 -0.000094 0.980730 
4.903238 0.206556 -0.000092 0.978435 
4.942447 0.218374 -0.000090 0.975865 
4.981656 0.230854 -0.000087 0.972988 
5.020864 0.244026 -0.000085 0.969769 
5.060073 0.257925 -0.000082 0.966165 
5.099282 0.272584 -0.000079 0.962132 
5.138490 0.288036 -0.000077 0.957620 
5.177699 0.304313 -0.000074 0.952572 
5.216907 0.321449 -0.000072 0.946927 
5.256116 0.339473 -0.000069 0.940616 
5.295325 0.358415 -0.000067 0.933562 
5.334533 0.378301 -0.000064 0.925683 
5.373742 0.399152 -0.000062 0.916885 
5.412951 0.420986 -0.000059 0.907067 
5.452159 0.443813 -0.000057 0.896119 
5.491368 0.467637 -0.000055 0.883921 
5.530576 0.492451 -0.000053 0.870340 
5.569785 0.518236 -0.000051 0.855238 
5.608994 0.544960 -0.000049 0.838462 
5.648202 0.572574 -0.000047 0.819853 
5.687411 0.601009 -0.000046 0.799242 
5.726620 0.630175 -0.000044 0.776453 
5.765828 0.659956 -0.000043 0.751304 
5.805037 0.690207 -0.000042 0.723612 
5.844246 0.720751 -0.000041 0.693194 
5.883454 0.751378 -0.000040 0.659872 
5.922663 0.781838 -0.000039 0.623482 
5.961871 0.811845 -0.000039 0.583873 
6.001080 0.841073 -0.000038 0.540922 
6.040289 0.869157 -0.000038 0.494537 
6.079497 0.895696 -0.000038 0.444666 
6.118706 0.920258 -0.000038 0.391312 
