0.237412 -0.122969 -0.000052 0.992411 
0.276620 -0.103011 -0.000055 0.994680 
0.315829 -0.087747 -0.000057 0.996143 
0.355038 -0.075700 -0.000060 0.997131 
0.394246 -0.065958 -0.000063 0.997822 
0.433455 -0.057927 -0.000066 0.998321 
0.472664 -0.051203 -0.000068 0.998688 
0.511872 -0.045500 -0.000070 0.998964 
0.551081 -0.040612 -0.000072 0.999175 
0.590289 -0.036383 -0.000073 0.999338 
0.629498 -0.032697 -0.000073 0.999465 
0.668707 -0.029462 -0.000074 0.999566 
0.707915 -0.026606 -0.000074 0.999646 
0.747124 -0.024072 -0.000073 0.999710 
0.786333 -0.021813 -0.000073 0.999762 
0.825541 -0.019790 -0.000071 0.999804 
0.864750 -0.017972 -0.000070 0.999838 
0.903958 -0.016333 -0.000068 0.999867 
0.943167 -0.014850 -0.000066 0.999890 
0.982376 -0.013504 -0.000063 0.999909 
1.021584 -0.012279 -0.000060 0.999925 
1.060793 -0.011161 -0.000057 0.999938 
1.100002 -0.010138 -0.000054 0.999949 
1.139210 -0.009200 -0.000051 0.999958 
1.178419 -0.008336 -0.000047 0.999965 
1.217627 -0.007540 -0.000044 0.999972 
1.256836 -0.006804 -0.000040 0.999977 
1.296045 -0.006122 -0.000036 0.999981 
1.335253 -0.005487 -0.000032 0.999985 
1.374462 -0.004896 -0.000028 0.999988 
1.413671 -0.004342 -0.000025 0.999991 
1.452879 -0.003823 -0.000021 0.999993 
1.492088 -0.003335 -0.000017 0.999994 
1.531296 -0.002874 -0.000014 0.999996 
1.570505 -0.002437 -0.000010 0.999997 
1.609714 -0.002021 -0.000007 0.999998 
1.648922 -0.001625 -0.000004 0.999999 
1.688131 -0.001244 -0.000001 0.999999 
1.727340 -0.000878 0.000002 1.000000 
1.766548 -0.000523 0.000004 1.000000 
1.805757 -0.000179 0.000006 1.000000 
1.844966 0.000157 0.000008 1.000000 
1.884174 0.000486 0.000010 1.000000 
1.923383 0.000811 0.000012 1.000000 
1.962591 0.001132 0.000013 0.999999 
2.001800 0.001451 0.000014 0.999999 
2.041009 0.001769 0.000015 0.999998 
2.080217 0.002089 0.000016 0.999998 
2.119426 0.002411 0.000016 0.999997 
2.158635 0.002736 0.000016 0.999996 
2.197843 0.003067 0.000016 0.999995 
2.237052 0.003404 0.000016 0.999994 
2.276260 0.003748 0.000015 0.999993 
2.315469 0.004101 0.000014 0.999992 
2.354678 0.004465 0.000013 0.999990 
2.393886 0.004840 0.000012 0.999988 
2.433095 0.005227 0.000011 0.999986 
2.472304 0.005629 0.000009 0.999984 
2.511512 0.006047 0.000007 0.999982 
2.550721 0.006481 0.000005 0.999979 
2.589929 0.006934 0.000003 0.999976 
2.629138 0.007407 0.000001 0.999973 
2.668347 0.007902 -0.000002 0.999969 
2.707555 0.008419 -0.000005 0.999965 
2.746764 0.008962 -0.000008 0.999960 
2.785973 0.009531 -0.000010 0.999955 
2.825181 0.010128 -0.000014 0.999949 
2.864390 0.010756 -0.000017 0.999942 
2.903598 0.011416 -0.000020 0.999935 
2.942807 0.012110 -0.000024 0.999927 
2.982016 0.012841 -0.000027 0.999918 
3.021224 0.013610 -0.000031 0.999907 
3.060433 0.014421 -0.000034 0.999896 
3.099642 0.015276 -0.000038 0.999883 
3.138850 0.016177 -0.000042 0.999869 
3.178059 0.017127 -0.000046 0.999853 
3.217267 0.018130 -0.000049 0.999836 
3.256476 0.019188 -0.000053 0.999816 
3.295685 0.020305 -0.000057 0.999794 
3.334893 0.021484 -0.000061 0.999769 
3.374102 0.022729 -0.000064 0.999742 
3.413311 0.024044 -0.000068 0.999711 
3.452519 0.025433 -0.000071 0.999677 
3.491728 0.026900 -0.000075 0.999638 
3.530936 0.028450 -0.000078 0.999595 
3.570145 0.030088 -0.000081 0.999547 
3.609354 0.031819 -0.000084 0.999494 
3.648562 0.033649 -0.000087 0.999434 
3.687771 0.035583 -0.000090 0.999367 
3.726980 0.037627 -0.000093 0.999292 
3.766188 0.039789 -0.000095 0.999208 
3.805397 0.042075 -0.000097 0.999114 
3.844606 0.044491 -0.000099 0.999010 
3.883814 0.047047 -0.000101 0.998893 
3.923023 0.049750 -0.000103 0.998762 
3.962231 0.052609 -0.000104 0.998615 
4.001440 0.055632 -0.000106 0.998451 
4.040649 0.058831 -0.000107 0.998268 
4.079857 0.062214 -0.000108 0.998063 
4.119066 0.065793 -0.000108 0.997833 
4.158275 0.069579 -0.000109 0.997576 
4.197483 0.073585 -0.000109 0.997289 
4.236692 0.077824 -0.000109 0.996967 
4.275900 0.082308 -0.000109 0.996607 
4.315109 0.087052 -0.000108 0.996204 
4.354318 0.092073 -0.000108 0.995752 
4.393526 0.097384 -0.000107 0.995247 
4.432735 0.103005 -0.000106 0.994681 
4.471944 0.108952 -0.000105 0.994047 
4.511152 0.115244 -0.000104 0.993337 
4.550361 0.121902 -0.000102 0.992542 
4.589569 0.128946 -0.000101 0.991652 
4.628778 0.136398 -0.000099 0.990654 
4.667987 0.144281 -0.000097 0.989537 
4.707195 0.152621 -0.000096 0.988285 
4.746404 0.161441 -0.000093 0.986882 
4.785613 0.170769 -0.000091 0.985311 
4.824821 0.180632 -0.000089 0.983551 
4.864030 0.191060 -0.000087 0.981578 
4.903238 0.202082 -0.000084 0.979369 
4.942447 0.213730 -0.000082 0.976893 
4.981656 0.226034 -0.000079 0.974119 
5.020864 0.239029 -0.000077 0.971012 
5.060073 0.252747 -0.000074 0.967532 
5.099282 0.267223 -0.000072 0.963635 
5.138490 0.282489 -0.000069 0.959270 
5.177699 0.298581 -0.000066 0.954384 
5.216907 0.315531 -0.000064 0.948915 
5.256116 0.333371 -0.000061 0.942796 
5.295325 0.352131 -0.000058 0.935951 
5.334533 0.371839 -0.000056 0.928297 
5.373742 0.392519 -0.000054 0.919744 
5.412951 0.414189 -0.000051 0.910191 
5.452159 0.436864 -0.000049 0.899528 
5.491368 0.460548 -0.000047 0.887635 
5.530576 0.485238 -0.000045 0.874382 
5.569785 0.510920 -0.000043 0.859628 
5.608994 0.537563 -0.000041 0.843223 
5.648202 0.565124 -0.000039 0.825006 
5.687411 0.593538 -0.000037 0.804806 
5.726620 0.622720 -0.000036 0.782445 
5.765828 0.652557 -0.000035 0.757739 
5.805037 0.682911 -0.000033 0.730502 
5.844246 0.713608 -0.000032 0.700545 
5.883454 0.744443 -0.000031 0.667685 
5.922663 0.775172 -0.000031 0.631750 
5.961871 0.805510 -0.000030 0.592582 
6.001080 0.835134 -0.000030 0.550046 
6.040289 0.863680 -0.000029 0.504041 
6.079497 0.890745 -0.000029 0.454504 
6.118706 0.915893 -0.000029 0.401423 
