0.237412 -0.111363 -0.000062 0.993780 
0.276620 -0.093321 -0.000066 0.995636 
0.315829 -0.079533 -0.000069 0.996832 
0.355038 -0.068655 -0.000073 0.997640 
0.394246 -0.059859 -0.000076 0.998207 
0.433455 -0.052606 -0.000079 0.998615 
0.472664 -0.046531 -0.000082 0.998917 
0.511872 -0.041376 -0.000085 0.999144 
0.551081 -0.036953 -0.000087 0.999317 
0.590289 -0.033123 -0.000089 0.999451 
0.629498 -0.029781 -0.000090 0.999556 
0.668707 -0.026845 -0.000091 0.999640 
0.707915 -0.024248 -0.000091 0.999706 
0.747124 -0.021941 -0.000091 0.999759 
0.786333 -0.019880 -0.000090 0.999802 
0.825541 -0.018031 -0.000089 0.999837 
0.864750 -0.016366 -0.000088 0.999866 
0.903958 -0.014861 -0.000086 0.999890 
0.943167 -0.013496 -0.000084 0.999909 
0.982376 -0.012254 -0.000081 0.999925 
1.021584 -0.011121 -0.000079 0.999938 
1.060793 -0.010083 -0.000075 0.999949 
1.100002 -0.009130 -0.000072 0.999958 
1.139210 -0.008253 -0.000068 0.999966 
1.178419 -0.007442 -0.000065 0.999972 
1.217627 -0.006692 -0.000061 0.999978 
1.256836 -0.005994 -0.000057 0.999982 
1.296045 -0.005345 -0.000052 0.999986 
1.335253 -0.004738 -0.000048 0.999989 
1.374462 -0.004169 -0.000044 0.999991 
1.413671 -0.003633 -0.000039 0.999993 
1.452879 -0.003128 -0.000035 0.999995 
1.492088 -0.002649 -0.000031 0.999996 
1.531296 -0.002194 -0.000027 0.999998 
1.570505 -0.001759 -0.000023 0.999998 
1.609714 -0.001343 -0.000019 0.999999 
1.648922 -0.000942 -0.000015 1.000000 
1.688131 -0.000554 -0.000012 1.000000 
1.727340 -0.000178 -0.000008 1.000000 
1.766548 0.000188 -0.000005 1.000000 
1.805757 0.000547 -0.000002 1.000000 
1.844966 0.000901 0.000001 1.000000 
1.884174 0.001250 0.000003 0.999999 
1.923383 0.001596 0.000005 0.999999 
1.962591 0.001942 0.000007 0.999998 
2.001800 0.002288 0.000009 0.999997 
2.041009 0.002636 0.000011 0.999997 
2.080217 0.002987 0.000012 0.999996 
2.119426 0.003342 0.000013 0.999994 
2.158635 0.003704 0.000014 0.999993 
2.197843 0.004073 0.000014 0.999992 
2.237052 0.004450 0.000014 0.999990 
2.276260 0.004838 0.000014 0.999988 
2.315469 0.005237 0.000014 0.999986 
2.354678 0.005649 0.000013 0.999984 
2.393886 0.006074 0.000012 0.999982 
2.433095 0.006516 0.000011 0.999979 
2.472304 0.006974 0.000010 0.999976 
2.511512 0.007450 0.000008 0.999972 
2.550721 0.007947 0.000006 0.999968 
2.589929 0.008465 0.000004 0.999964 
2.629138 0.009006 0.000002 0.999959 
2.668347 0.009572 -0.000001 0.999954 
2.707555 0.010164 -0.000004 0.999948 
2.746764 0.010785 -0.000007 0.999942 
2.785973 0.011436 -0.000010 0.999935 
2.825181 0.012119 -0.000013 0.999927 
2.864390 0.012837 -0.000017 0.999918 
2.903598 0.013590 -0.000021 0.999908 
2.942807 0.014383 -0.000025 0.999897 
2.982016 0.015216 -0.000028 0.999884 
3.021224 0.016093 -0.000033 0.999870 
3.060433 0.017016 -0.000037 0.999855 
3.099642 0.017988 -0.000041 0.999838 
3.138850 0.019011 -0.000046 0.999819 
3.178059 0.020090 -0.000050 0.999798 
3.217267 0.021226 -0.000054 0.999775 
3.256476 0.022424 -0.000059 0.999749 
3.295685 0.023687 -0.000063 0.999719 
3.334893 0.025018 -0.000068 0.999687 
3.374102 0.026422 -0.000072 0.999651 
3.413311 0.027903 -0.000077 0.999611 
3.452519 0.029465 -0.000081 0.999566 
3.491728 0.031113 -0.000085 0.999516 
3.530936 0.032853 -0.000090 0.999460 
3.570145 0.034688 -0.000094 0.999398 
3.609354 0.036625 -0.000098 0.999329 
3.648562 0.038670 -0.000101 0.999252 
3.687771 0.040828 -0.000105 0.999166 
3.726980 0.043106 -0.000108 0.999070 
3.766188 0.045512 -0.000112 0.998964 
3.805397 0.048051 -0.000115 0.998845 
3.844606 0.050733 -0.000118 0.998712 
3.883814 0.053566 -0.000120 0.998564 
3.923023 0.056556 -0.000123 0.998399 
3.962231 0.059715 -0.000125 0.998215 
4.001440 0.063052 -0.000127 0.998010 
4.040649 0.066576 -0.000129 0.997781 
4.079857 0.070298 -0.000130 0.997526 
4.119066 0.074230 -0.000132 0.997241 
4.158275 0.078384 -0.000133 0.996923 
4.197483 0.082772 -0.000134 0.996568 
4.236692 0.087408 -0.000134 0.996173 
4.275900 0.092305 -0.000135 0.995731 
4.315109 0.097479 -0.000135 0.995238 
4.354318 0.102946 -0.000135 0.994687 
4.393526 0.108721 -0.000135 0.994072 
4.432735 0.114822 -0.000135 0.993386 
4.471944 0.121268 -0.000134 0.992620 
4.511152 0.128077 -0.000133 0.991764 
4.550361 0.135271 -0.000132 0.990809 
4.589569 0.142869 -0.000131 0.989742 
4.628778 0.150895 -0.000130 0.988550 
4.667987 0.159371 -0.000129 0.987219 
4.707195 0.168322 -0.000127 0.985732 
4.746404 0.177773 -0.000125 0.984071 
4.785613 0.187751 -0.000124 0.982217 
4.824821 0.198283 -0.000122 0.980145 
4.864030 0.209398 -0.000120 0.977831 
4.903238 0.221124 -0.000118 0.975246 
4.942447 0.233492 -0.000115 0.972359 
4.981656 0.246532 -0.000113 0.969135 
5.020864 0.260275 -0.000111 0.965535 
5.060073 0.274753 -0.000109 0.961515 
5.099282 0.289997 -0.000106 0.957027 
5.138490 0.306039 -0.000104 0.952019 
5.177699 0.322907 -0.000102 0.946431 
5.216907 0.340632 -0.000100 0.940197 
5.256116 0.359240 -0.000097 0.933245 
5.295325 0.378756 -0.000095 0.925497 
5.334533 0.399199 -0.000093 0.916864 
5.373742 0.420586 -0.000091 0.907252 
5.412951 0.442928 -0.000089 0.896557 
5.452159 0.466227 -0.000087 0.884665 
5.491368 0.490477 -0.000085 0.871454 
5.530576 0.515661 -0.000083 0.856793 
5.569785 0.541750 -0.000081 0.840540 
5.608994 0.568700 -0.000080 0.822545 
5.648202 0.596448 -0.000078 0.802652 
5.687411 0.624911 -0.000077 0.780696 
5.726620 0.653985 -0.000076 0.756507 
5.765828 0.683538 -0.000075 0.729915 
5.805037 0.713409 -0.000074 0.700748 
5.844246 0.743407 -0.000073 0.668839 
5.883454 0.773308 -0.000073 0.634031 
5.922663 0.802850 -0.000072 0.596181 
5.961871 0.831738 -0.000072 0.555168 
6.001080 0.859641 -0.000071 0.510898 
6.040289 0.886194 -0.000071 0.463315 
6.079497 0.911001 -0.000071 0.412405 
6.118706 0.933642 -0.000071 0.358207 
