0.237412 -0.162163 0.000034 0.986764 
0.276620 -0.135420 0.000036 0.990788 
0.315829 -0.114913 0.000038 0.993376 
0.355038 -0.098712 0.000040 0.995116 
0.394246 -0.085615 0.000043 0.996328 
0.433455 -0.074833 0.000045 0.997196 
0.472664 -0.065825 0.000047 0.997831 
0.511872 -0.058207 0.000050 0.998305 
0.551081 -0.051701 0.000052 0.998663 
0.590289 -0.046097 0.000055 0.998937 
0.629498 -0.041234 0.000057 0.999150 
0.668707 -0.036989 0.000060 0.999316 
0.707915 -0.033262 0.000062 0.999447 
0.747124 -0.029975 0.000064 0.999551 
0.786333 -0.027064 0.000066 0.999634 
0.825541 -0.024476 0.000068 0.999700 
0.864750 -0.022167 0.000069 0.999754 
0.903958 -0.020102 0.000071 0.999798 
0.943167 -0.018249 0.000072 0.999833 
0.982376 -0.016583 0.000073 0.999862 
1.021584 -0.015081 0.000074 0.999886 
1.060793 -0.013724 0.000075 0.999906 
1.100002 -0.012495 0.000075 0.999922 
1.139210 -0.011380 0.000075 0.999935 
1.178419 -0.010368 0.000075 0.999946 
1.217627 -0.009446 0.000074 0.999955 
1.256836 -0.008605 0.000073 0.999963 
1.296045 -0.007837 0.000072 0.999969 
1.335253 -0.007134 0.000070 0.999975 
1.374462 -0.006489 0.000069 0.999979 
1.413671 -0.005897 0.000066 0.999983 
1.452879 -0.005352 0.000064 0.999986 
1.492088 -0.004849 0.000061 0.999988 
1.531296 -0.004384 0.000058 0.999990 
1.570505 -0.003954 0.000054 0.999992 
1.609714 -0.003554 0.000050 0.999994 
1.648922 -0.003182 0.000046 0.999995 
1.688131 -0.002835 0.000042 0.999996 
1.727340 -0.002509 0.000037 0.999997 
1.766548 -0.002204 0.000033 0.999998 
1.805757 -0.001915 0.000027 0.999998 
1.844966 -0.001642 0.000022 0.999999 
1.884174 -0.001383 0.000017 0.999999 
1.923383 -0.001135 0.000011 0.999999 
1.962591 -0.000897 0.000006 1.000000 
2.001800 -0.000668 0.000000 1.000000 
2.041009 -0.000446 -0.000006 1.000000 
2.080217 -0.000230 -0.000011 1.000000 
2.119426 -0.000019 -0.000017 1.000000 
2.158635 0.000190 -0.000023 1.000000 
2.197843 0.000396 -0.000028 1.000000 
2.237052 0.000601 -0.000034 1.000000 
2.276260 0.000806 -0.000039 1.000000 
2.315469 0.001013 -0.000044 0.999999 
2.354678 0.001222 -0.000049 0.999999 
2.393886 0.001434 -0.000054 0.999999 
2.433095 0.001650 -0.000059 0.999999 
2.472304 0.001872 -0.000063 0.999998 
2.511512 0.002100 -0.000067 0.999998 
2.550721 0.002335 -0.000071 0.999997 
2.589929 0.002579 -0.000074 0.999997 
2.629138 0.002833 -0.000078 0.999996 
2.668347 0.003097 -0.000080 0.999995 
2.707555 0.003373 -0.000083 0.999994 
2.746764 0.003662 -0.000085 0.999993 
2.785973 0.003965 -0.000087 0.999992 
2.825181 0.004284 -0.000089 0.999991 
2.864390 0.004619 -0.000090 0.999989 
2.903598 0.004973 -0.000091 0.999988 
2.942807 0.005347 -0.000091 0.999986 
2.982016 0.005741 -0.000091 0.999984 
3.021224 0.006158 -0.000091 0.999981 
3.060433 0.006600 -0.000091 0.999978 
3.099642 0.007068 -0.000090 0.999975 
3.138850 0.007564 -0.000089 0.999971 
3.178059 0.008090 -0.000087 0.999967 
3.217267 0.008648 -0.000086 0.999963 
3.256476 0.009241 -0.000084 0.999957 
3.295685 0.009870 -0.000082 0.999951 
3.334893 0.010539 -0.000080 0.999944 
3.374102 0.011250 -0.000077 0.999937 
3.413311 0.012005 -0.000074 0.999928 
3.452519 0.012809 -0.000072 0.999918 
3.491728 0.013664 -0.000069 0.999907 
3.530936 0.014573 -0.000065 0.999894 
3.570145 0.015540 -0.000062 0.999879 
3.609354 0.016569 -0.000059 0.999863 
3.648562 0.017665 -0.000055 0.999844 
3.687771 0.018832 -0.000052 0.999823 
3.726980 0.020073 -0.000048 0.999799 
3.766188 0.021396 -0.000044 0.999771 
3.805397 0.022804 -0.000040 0.999740 
3.844606 0.024304 -0.000037 0.999705 
3.883814 0.025901 -0.000033 0.999665 
3.923023 0.027603 -0.000029 0.999619 
3.962231 0.029415 -0.000025 0.999567 
4.001440 0.031347 -0.000021 0.999509 
4.040649 0.033404 -0.000018 0.999442 
4.079857 0.035597 -0.000014 0.999366 
4.119066 0.037934 -0.000010 0.999280 
4.158275 0.040424 -0.000007 0.999183 
4.197483 0.043078 -0.000004 0.999072 
4.236692 0.045907 -0.000000 0.998946 
4.275900 0.048922 0.000003 0.998803 
4.315109 0.052135 0.000006 0.998640 
4.354318 0.055561 0.000009 0.998455 
4.393526 0.059213 0.000012 0.998245 
4.432735 0.063106 0.000015 0.998007 
4.471944 0.067256 0.000018 0.997736 
4.511152 0.071680 0.000020 0.997428 
4.550361 0.076397 0.000023 0.997077 
4.589569 0.081426 0.000025 0.996679 
4.628778 0.086787 0.000027 0.996227 
4.667987 0.092503 0.000030 0.995712 
4.707195 0.098597 0.000032 0.995127 
4.746404 0.105093 0.000034 0.994462 
4.785613 0.112019 0.000035 0.993706 
4.824821 0.119401 0.000037 0.992846 
4.864030 0.127270 0.000039 0.991868 
4.903238 0.135657 0.000040 0.990756 
4.942447 0.144594 0.000042 0.989491 
4.981656 0.154118 0.000043 0.988052 
5.020864 0.164265 0.000044 0.986416 
5.060073 0.175074 0.000046 0.984555 
5.099282 0.186584 0.000047 0.982439 
5.138490 0.198839 0.000048 0.980032 
5.177699 0.211882 0.000049 0.977295 
5.216907 0.225759 0.000050 0.974183 
5.256116 0.240518 0.000051 0.970645 
5.295325 0.256205 0.000052 0.966623 
5.334533 0.272869 0.000053 0.962051 
5.373742 0.290559 0.000054 0.956857 
5.412951 0.309323 0.000055 0.950957 
5.452159 0.329208 0.000055 0.944257 
5.491368 0.350258 0.000056 0.936653 
5.530576 0.372512 0.000057 0.928027 
5.569785 0.396005 0.000058 0.918248 
5.608994 0.420765 0.000058 0.907170 
5.648202 0.446809 0.000059 0.894629 
5.687411 0.474140 0.000059 0.880449 
5.726620 0.502748 0.000060 0.864433 
5.765828 0.532600 0.000060 0.846367 
5.805037 0.563639 0.000061 0.826021 
5.844246 0.595779 0.000061 0.803148 
5.883454 0.628900 0.000062 0.777486 
5.922663 0.662837 0.000062 0.748763 
5.961871 0.697382 0.000062 0.716700 
6.001080 0.732269 0.000063 0.681015 
6.040289 0.767176 0.000063 0.641437 
6.079497 0.801712 0.000063 0.597710 
6.118706 0.835422 0.000063 0.549610 
