0.237412 -0.130461 -0.000041 0.991453 
0.276620 -0.109249 -0.000043 0.994014 
0.315829 -0.093018 -0.000045 0.995664 
0.355038 -0.080204 -0.000047 0.996778 
0.394246 -0.069841 -0.000049 0.997558 
0.433455 -0.061300 -0.000051 0.998119 
0.472664 -0.054151 -0.000053 0.998533 
0.511872 -0.048090 -0.000054 0.998843 
0.551081 -0.042897 -0.000055 0.999079 
0.590289 -0.038409 -0.000056 0.999262 
0.629498 -0.034499 -0.000056 0.999405 
0.668707 -0.031071 -0.000056 0.999517 
0.707915 -0.028047 -0.000056 0.999607 
0.747124 -0.025366 -0.000055 0.999678 
0.786333 -0.022979 -0.000054 0.999736 
0.825541 -0.020845 -0.000052 0.999783 
0.864750 -0.018930 -0.000051 0.999821 
0.903958 -0.017205 -0.000049 0.999852 
0.943167 -0.015647 -0.000047 0.999878 
0.982376 -0.014235 -0.000044 0.999899 
1.021584 -0.012953 -0.000041 0.999916 
1.060793 -0.011785 -0.000039 0.999931 
1.100002 -0.010718 -0.000036 0.999943 
1.139210 -0.009742 -0.000033 0.999953 
1.178419 -0.008846 -0.000029 0.999961 
1.217627 -0.008022 -0.000026 0.999968 
1.256836 -0.007262 -0.000023 0.999974 
1.296045 -0.006560 -0.000020 0.999978 
1.335253 -0.005909 -0.000016 0.999983 
1.374462 -0.005304 -0.000013 0.999986 
1.413671 -0.004741 -0.000010 0.999989 
1.452879 -0.004215 -0.000007 0.999991 
1.492088 -0.003721 -0.000004 0.999993 
1.531296 -0.003257 -0.000001 0.999995 
1.570505 -0.002820 0.000001 0.999996 
1.609714 -0.002406 0.000004 0.999997 
1.648922 -0.002012 0.000006 0.999998 
1.688131 -0.001637 0.000008 0.999999 
1.727340 -0.001277 0.000010 0.999999 
1.766548 -0.000932 0.000011 1.000000 
1.805757 -0.000598 0.000013 1.000000 
1.844966 -0.000273 0.000014 1.000000 
1.884174 0.000043 0.000015 1.000000 
1.923383 0.000352 0.000016 1.000000 
1.962591 0.000657 0.000016 1.000000 
2.001800 0.000959 0.000016 1.000000 
2.041009 0.001259 0.000016 0.999999 
2.080217 0.001558 0.000016 0.999999 
2.119426 0.001858 0.000016 0.999998 
2.158635 0.002160 0.000015 0.999998 
2.197843 0.002466 0.000014 0.999997 
2.237052 0.002777 0.000013 0.999996 
2.276260 0.003093 0.000012 0.999995 
2.315469 0.003417 0.000011 0.999994 
2.354678 0.003750 0.000009 0.999993 
2.393886 0.004092 0.000008 0.999992 
2.433095 0.004446 0.000006 0.999990 
2.472304 0.004812 0.000004 0.999988 
2.511512 0.005192 0.000002 0.999987 
2.550721 0.005586 -0.000000 0.999984 
2.589929 0.005998 -0.000003 0.999982 
2.629138 0.006427 -0.000005 0.999979 
2.668347 0.006876 -0.000008 0.999976 
2.707555 0.007346 -0.000010 0.999973 
2.746764 0.007838 -0.000013 0.999969 
2.785973 0.008355 -0.000016 0.999965 
2.825181 0.008897 -0.000019 0.999960 
2.864390 0.009467 -0.000022 0.999955 
2.903598 0.010067 -0.000025 0.999949 
2.942807 0.010698 -0.000028 0.999943 
2.982016 0.011363 -0.000031 0.999935 
3.021224 0.012064 -0.000034 0.999927 
3.060433 0.012803 -0.000037 0.999918 
3.099642 0.013582 -0.000040 0.999908 
3.138850 0.014405 -0.000043 0.999896 
3.178059 0.015273 -0.000047 0.999883 
3.217267 0.016190 -0.000050 0.999869 
3.256476 0.017158 -0.000053 0.999853 
3.295685 0.018180 -0.000056 0.999835 
3.334893 0.019261 -0.000059 0.999814 
3.374102 0.020403 -0.000062 0.999792 
3.413311 0.021611 -0.000065 0.999766 
3.452519 0.022887 -0.000067 0.999738 
3.491728 0.024237 -0.000070 0.999706 
3.530936 0.025665 -0.000072 0.999671 
3.570145 0.027175 -0.000075 0.999631 
3.609354 0.028772 -0.000077 0.999586 
3.648562 0.030462 -0.000079 0.999536 
3.687771 0.032251 -0.000081 0.999480 
3.726980 0.034143 -0.000083 0.999417 
3.766188 0.036146 -0.000085 0.999347 
3.805397 0.038266 -0.000086 0.999268 
3.844606 0.040510 -0.000087 0.999179 
3.883814 0.042885 -0.000088 0.999080 
3.923023 0.045399 -0.000089 0.998969 
3.962231 0.048062 -0.000090 0.998844 
4.001440 0.050881 -0.000091 0.998705 
4.040649 0.053866 -0.000091 0.998548 
4.079857 0.057027 -0.000092 0.998373 
4.119066 0.060374 -0.000092 0.998176 
4.158275 0.063920 -0.000092 0.997955 
4.197483 0.067674 -0.000091 0.997707 
4.236692 0.071651 -0.000091 0.997430 
4.275900 0.075864 -0.000090 0.997118 
4.315109 0.080325 -0.000089 0.996769 
4.354318 0.085052 -0.000089 0.996377 
4.393526 0.090058 -0.000088 0.995937 
4.432735 0.095361 -0.000086 0.995443 
4.471944 0.100979 -0.000085 0.994889 
4.511152 0.106929 -0.000084 0.994267 
4.550361 0.113232 -0.000082 0.993569 
4.589569 0.119909 -0.000080 0.992785 
4.628778 0.126981 -0.000078 0.991905 
4.667987 0.134471 -0.000076 0.990918 
4.707195 0.142404 -0.000074 0.989809 
4.746404 0.150804 -0.000072 0.988564 
4.785613 0.159700 -0.000070 0.987166 
4.824821 0.169117 -0.000068 0.985596 
4.864030 0.179087 -0.000065 0.983833 
4.903238 0.189638 -0.000063 0.981854 
4.942447 0.200803 -0.000061 0.979632 
4.981656 0.212614 -0.000058 0.977136 
5.020864 0.225106 -0.000056 0.974334 
5.060073 0.238312 -0.000053 0.971189 
5.099282 0.252268 -0.000050 0.967657 
5.138490 0.267010 -0.000048 0.963694 
5.177699 0.282574 -0.000045 0.959246 
5.216907 0.298995 -0.000043 0.954255 
5.256116 0.316308 -0.000040 0.948656 
5.295325 0.334548 -0.000038 0.942379 
5.334533 0.353746 -0.000035 0.935341 
5.373742 0.373931 -0.000033 0.927456 
5.412951 0.395128 -0.000030 0.918626 
5.452159 0.417356 -0.000028 0.908743 
5.491368 0.440629 -0.000026 0.897689 
5.530576 0.464952 -0.000024 0.885336 
5.569785 0.490318 -0.000022 0.871544 
5.608994 0.516709 -0.000020 0.856161 
5.648202 0.544092 -0.000018 0.839026 
5.687411 0.572415 -0.000017 0.819964 
5.726620 0.601605 -0.000015 0.798793 
5.765828 0.631565 -0.000014 0.775323 
5.805037 0.662169 -0.000013 0.749355 
5.844246 0.693258 -0.000012 0.720690 
5.883454 0.724639 -0.000011 0.689128 
5.922663 0.756082 -0.000010 0.654477 
5.961871 0.787310 -0.000009 0.616557 
6.001080 0.818009 -0.000009 0.575206 
6.040289 0.847816 -0.000009 0.530290 
6.079497 0.876327 -0.000009 0.481716 
6.118706 0.903098 -0.000009 0.429435 
