0.237412 -0.128063 -0.000045 0.991766 
0.276620 -0.107254 -0.000047 0.994232 
0.315829 -0.091334 -0.000050 0.995820 
0.355038 -0.078767 -0.000052 0.996893 
0.394246 -0.068604 -0.000054 0.997644 
0.433455 -0.060226 -0.000056 0.998185 
0.472664 -0.053214 -0.000058 0.998583 
0.511872 -0.047268 -0.000060 0.998882 
0.551081 -0.042173 -0.000061 0.999110 
0.590289 -0.037768 -0.000062 0.999287 
0.629498 -0.033930 -0.000062 0.999424 
0.668707 -0.030563 -0.000062 0.999533 
0.707915 -0.027593 -0.000062 0.999619 
0.747124 -0.024960 -0.000062 0.999688 
0.786333 -0.022613 -0.000061 0.999744 
0.825541 -0.020515 -0.000059 0.999790 
0.864750 -0.018631 -0.000058 0.999826 
0.903958 -0.016933 -0.000056 0.999857 
0.943167 -0.015399 -0.000053 0.999881 
0.982376 -0.014008 -0.000051 0.999902 
1.021584 -0.012744 -0.000048 0.999919 
1.060793 -0.011592 -0.000045 0.999933 
1.100002 -0.010539 -0.000042 0.999944 
1.139210 -0.009575 -0.000039 0.999954 
1.178419 -0.008689 -0.000036 0.999962 
1.217627 -0.007874 -0.000032 0.999969 
1.256836 -0.007122 -0.000029 0.999975 
1.296045 -0.006425 -0.000026 0.999979 
1.335253 -0.005780 -0.000022 0.999983 
1.374462 -0.005179 -0.000019 0.999987 
1.413671 -0.004619 -0.000015 0.999989 
1.452879 -0.004095 -0.000012 0.999992 
1.492088 -0.003603 -0.000009 0.999994 
1.531296 -0.003140 -0.000006 0.999995 
1.570505 -0.002702 -0.000003 0.999996 
1.609714 -0.002288 -0.000000 0.999997 
1.648922 -0.001893 0.000002 0.999998 
1.688131 -0.001516 0.000005 0.999999 
1.727340 -0.001154 0.000007 0.999999 
1.766548 -0.000806 0.000009 1.000000 
1.805757 -0.000468 0.000011 1.000000 
1.844966 -0.000140 0.000012 1.000000 
1.884174 0.000180 0.000013 1.000000 
1.923383 0.000495 0.000014 1.000000 
1.962591 0.000805 0.000015 1.000000 
2.001800 0.001112 0.000016 0.999999 
2.041009 0.001418 0.000016 0.999999 
2.080217 0.001723 0.000016 0.999999 
2.119426 0.002030 0.000016 0.999998 
2.158635 0.002340 0.000016 0.999997 
2.197843 0.002654 0.000015 0.999996 
2.237052 0.002973 0.000014 0.999996 
2.276260 0.003298 0.000013 0.999995 
2.315469 0.003631 0.000012 0.999993 
2.354678 0.003974 0.000011 0.999992 
2.393886 0.004327 0.000010 0.999991 
2.433095 0.004691 0.000008 0.999989 
2.472304 0.005069 0.000006 0.999987 
2.511512 0.005460 0.000004 0.999985 
2.550721 0.005868 0.000002 0.999983 
2.589929 0.006293 -0.000000 0.999980 
2.629138 0.006736 -0.000003 0.999977 
2.668347 0.007199 -0.000005 0.999974 
2.707555 0.007684 -0.000008 0.999970 
2.746764 0.008193 -0.000011 0.999966 
2.785973 0.008726 -0.000014 0.999962 
2.825181 0.009286 -0.000017 0.999957 
2.864390 0.009874 -0.000020 0.999951 
2.903598 0.010493 -0.000023 0.999945 
2.942807 0.011145 -0.000026 0.999938 
2.982016 0.011831 -0.000029 0.999930 
3.021224 0.012553 -0.000033 0.999921 
3.060433 0.013315 -0.000036 0.999911 
3.099642 0.014119 -0.000039 0.999900 
3.138850 0.014966 -0.000043 0.999888 
3.178059 0.015861 -0.000046 0.999874 
3.217267 0.016805 -0.000049 0.999859 
3.256476 0.017802 -0.000053 0.999842 
3.295685 0.018855 -0.000056 0.999822 
3.334893 0.019967 -0.000059 0.999801 
3.374102 0.021142 -0.000062 0.999776 
3.413311 0.022384 -0.000065 0.999749 
3.452519 0.023696 -0.000068 0.999719 
3.491728 0.025083 -0.000071 0.999685 
3.530936 0.026550 -0.000074 0.999647 
3.570145 0.028101 -0.000077 0.999605 
3.609354 0.029742 -0.000079 0.999558 
3.648562 0.031477 -0.000082 0.999504 
3.687771 0.033312 -0.000084 0.999445 
3.726980 0.035253 -0.000086 0.999378 
3.766188 0.037307 -0.000088 0.999304 
3.805397 0.039480 -0.000090 0.999220 
3.844606 0.041779 -0.000091 0.999127 
3.883814 0.044212 -0.000093 0.999022 
3.923023 0.046787 -0.000094 0.998905 
3.962231 0.049513 -0.000095 0.998773 
4.001440 0.052397 -0.000096 0.998626 
4.040649 0.055451 -0.000096 0.998461 
4.079857 0.058683 -0.000097 0.998277 
4.119066 0.062105 -0.000097 0.998070 
4.158275 0.065728 -0.000097 0.997838 
4.197483 0.069563 -0.000097 0.997578 
4.236692 0.073624 -0.000097 0.997286 
4.275900 0.077924 -0.000096 0.996959 
4.315109 0.082477 -0.000096 0.996593 
4.354318 0.087298 -0.000095 0.996182 
4.393526 0.092403 -0.000094 0.995722 
4.432735 0.097808 -0.000093 0.995205 
4.471944 0.103532 -0.000092 0.994626 
4.511152 0.109592 -0.000090 0.993977 
4.550361 0.116010 -0.000089 0.993248 
4.589569 0.122805 -0.000087 0.992431 
4.628778 0.129999 -0.000085 0.991514 
4.667987 0.137616 -0.000083 0.990486 
4.707195 0.145680 -0.000081 0.989332 
4.746404 0.154216 -0.000079 0.988037 
4.785613 0.163251 -0.000077 0.986585 
4.824821 0.172813 -0.000075 0.984955 
4.864030 0.182930 -0.000072 0.983126 
4.903238 0.193634 -0.000070 0.981074 
4.942447 0.204955 -0.000067 0.978771 
4.981656 0.216926 -0.000065 0.976188 
5.020864 0.229580 -0.000062 0.973290 
5.060073 0.242952 -0.000060 0.970038 
5.099282 0.257076 -0.000057 0.966391 
5.138490 0.271989 -0.000054 0.962300 
5.177699 0.287724 -0.000052 0.957713 
5.216907 0.304317 -0.000049 0.952571 
5.256116 0.321802 -0.000047 0.946807 
5.295325 0.340211 -0.000044 0.940349 
5.334533 0.359576 -0.000042 0.933116 
5.373742 0.379922 -0.000039 0.925018 
5.412951 0.401274 -0.000037 0.915958 
5.452159 0.423649 -0.000035 0.905826 
5.491368 0.447058 -0.000032 0.894505 
5.530576 0.471503 -0.000030 0.881865 
5.569785 0.496974 -0.000028 0.867765 
5.608994 0.523451 -0.000026 0.852056 
5.648202 0.550896 -0.000025 0.834574 
5.687411 0.579254 -0.000023 0.815147 
5.726620 0.608447 -0.000021 0.793595 
5.765828 0.638373 -0.000020 0.769727 
5.805037 0.668902 -0.000019 0.743351 
5.844246 0.699871 -0.000018 0.714270 
5.883454 0.731083 -0.000017 0.682289 
5.922663 0.762301 -0.000016 0.647223 
5.961871 0.793249 -0.000016 0.608898 
6.001080 0.823606 -0.000015 0.567162 
6.040289 0.853012 -0.000015 0.521891 
6.079497 0.881061 -0.000015 0.473002 
6.118706 0.907312 -0.000015 0.420458 
