0.237412 -0.125568 -0.000048 0.992085 
0.276620 -0.105177 -0.000051 0.994454 
0.315829 -0.089579 -0.000054 0.995980 
0.355038 -0.077267 -0.000056 0.997010 
0.394246 -0.067311 -0.000059 0.997732 
0.433455 -0.059103 -0.000061 0.998252 
0.472664 -0.052232 -0.000063 0.998635 
0.511872 -0.046405 -0.000065 0.998923 
0.551081 -0.041412 -0.000067 0.999142 
0.590289 -0.037093 -0.000068 0.999312 
0.629498 -0.033330 -0.000068 0.999444 
0.668707 -0.030028 -0.000068 0.999549 
0.707915 -0.027114 -0.000068 0.999632 
0.747124 -0.024529 -0.000068 0.999699 
0.786333 -0.022225 -0.000067 0.999753 
0.825541 -0.020164 -0.000066 0.999797 
0.864750 -0.018312 -0.000064 0.999832 
0.903958 -0.016643 -0.000062 0.999861 
0.943167 -0.015134 -0.000060 0.999885 
0.982376 -0.013765 -0.000057 0.999905 
1.021584 -0.012520 -0.000055 0.999922 
1.060793 -0.011384 -0.000052 0.999935 
1.100002 -0.010346 -0.000049 0.999946 
1.139210 -0.009394 -0.000045 0.999956 
1.178419 -0.008520 -0.000042 0.999964 
1.217627 -0.007714 -0.000038 0.999970 
1.256836 -0.006969 -0.000035 0.999976 
1.296045 -0.006280 -0.000031 0.999980 
1.335253 -0.005639 -0.000027 0.999984 
1.374462 -0.005043 -0.000024 0.999987 
1.413671 -0.004486 -0.000020 0.999990 
1.452879 -0.003965 -0.000017 0.999992 
1.492088 -0.003474 -0.000013 0.999994 
1.531296 -0.003012 -0.000010 0.999995 
1.570505 -0.002575 -0.000007 0.999997 
1.609714 -0.002160 -0.000004 0.999998 
1.648922 -0.001764 -0.000001 0.999998 
1.688131 -0.001385 0.000002 0.999999 
1.727340 -0.001021 0.000004 0.999999 
1.766548 -0.000670 0.000006 1.000000 
1.805757 -0.000329 0.000008 1.000000 
1.844966 0.000003 0.000010 1.000000 
1.884174 0.000328 0.000012 1.000000 
1.923383 0.000647 0.000013 1.000000 
1.962591 0.000962 0.000014 1.000000 
2.001800 0.001275 0.000015 0.999999 
2.041009 0.001587 0.000016 0.999999 
2.080217 0.001900 0.000016 0.999998 
2.119426 0.002214 0.000016 0.999998 
2.158635 0.002532 0.000016 0.999997 
2.197843 0.002854 0.000016 0.999996 
2.237052 0.003181 0.000015 0.999995 
2.276260 0.003516 0.000014 0.999994 
2.315469 0.003859 0.000013 0.999993 
2.354678 0.004212 0.000012 0.999991 
2.393886 0.004575 0.000011 0.999990 
2.433095 0.004951 0.000009 0.999988 
2.472304 0.005341 0.000008 0.999986 
2.511512 0.005745 0.000006 0.999983 
2.550721 0.006166 0.000004 0.999981 
2.589929 0.006604 0.000001 0.999978 
2.629138 0.007062 -0.000001 0.999975 
2.668347 0.007541 -0.000003 0.999972 
2.707555 0.008042 -0.000006 0.999968 
2.746764 0.008567 -0.000009 0.999963 
2.785973 0.009117 -0.000012 0.999958 
2.825181 0.009696 -0.000015 0.999953 
2.864390 0.010303 -0.000018 0.999947 
2.903598 0.010942 -0.000021 0.999940 
2.942807 0.011615 -0.000025 0.999933 
2.982016 0.012323 -0.000028 0.999924 
3.021224 0.013068 -0.000031 0.999915 
3.060433 0.013854 -0.000035 0.999904 
3.099642 0.014683 -0.000038 0.999892 
3.138850 0.015556 -0.000042 0.999879 
3.178059 0.016478 -0.000046 0.999864 
3.217267 0.017451 -0.000049 0.999848 
3.256476 0.018478 -0.000053 0.999829 
3.295685 0.019562 -0.000056 0.999809 
3.334893 0.020707 -0.000060 0.999786 
3.374102 0.021916 -0.000063 0.999760 
3.413311 0.023194 -0.000066 0.999731 
3.452519 0.024544 -0.000070 0.999699 
3.491728 0.025970 -0.000073 0.999663 
3.530936 0.027478 -0.000076 0.999622 
3.570145 0.029072 -0.000079 0.999577 
3.609354 0.030756 -0.000082 0.999527 
3.648562 0.032538 -0.000084 0.999471 
3.687771 0.034421 -0.000087 0.999407 
3.726980 0.036413 -0.000089 0.999337 
3.766188 0.038520 -0.000091 0.999258 
3.805397 0.040748 -0.000093 0.999169 
3.844606 0.043105 -0.000095 0.999071 
3.883814 0.045598 -0.000097 0.998960 
3.923023 0.048236 -0.000098 0.998836 
3.962231 0.051027 -0.000100 0.998697 
4.001440 0.053980 -0.000101 0.998542 
4.040649 0.057104 -0.000101 0.998368 
4.079857 0.060411 -0.000102 0.998174 
4.119066 0.063910 -0.000103 0.997956 
4.158275 0.067613 -0.000103 0.997712 
4.197483 0.071532 -0.000103 0.997438 
4.236692 0.075680 -0.000103 0.997132 
4.275900 0.080070 -0.000102 0.996789 
4.315109 0.084717 -0.000102 0.996405 
4.354318 0.089636 -0.000101 0.995975 
4.393526 0.094843 -0.000100 0.995492 
4.432735 0.100354 -0.000099 0.994952 
4.471944 0.106187 -0.000098 0.994346 
4.511152 0.112362 -0.000097 0.993667 
4.550361 0.118897 -0.000096 0.992907 
4.589569 0.125814 -0.000094 0.992054 
4.628778 0.133136 -0.000092 0.991098 
4.667987 0.140884 -0.000090 0.990026 
4.707195 0.149083 -0.000088 0.988825 
4.746404 0.157759 -0.000086 0.987478 
4.785613 0.166938 -0.000084 0.985967 
4.824821 0.176648 -0.000082 0.984274 
4.864030 0.186918 -0.000079 0.982375 
4.903238 0.197778 -0.000077 0.980247 
4.942447 0.209260 -0.000074 0.977860 
4.981656 0.221395 -0.000072 0.975184 
5.020864 0.234217 -0.000069 0.972184 
5.060073 0.247760 -0.000067 0.968821 
5.099282 0.262057 -0.000064 0.965052 
5.138490 0.277144 -0.000061 0.960828 
5.177699 0.293055 -0.000059 0.956095 
5.216907 0.309825 -0.000056 0.950794 
5.256116 0.327485 -0.000054 0.944856 
5.295325 0.346068 -0.000051 0.938209 
5.334533 0.365602 -0.000048 0.930771 
5.373742 0.386114 -0.000046 0.922451 
5.412951 0.407624 -0.000044 0.913150 
5.452159 0.430147 -0.000041 0.902759 
5.491368 0.453693 -0.000039 0.891158 
5.530576 0.478260 -0.000037 0.878218 
5.569785 0.503837 -0.000035 0.863799 
5.608994 0.530398 -0.000033 0.847749 
5.648202 0.557903 -0.000031 0.829906 
5.687411 0.586291 -0.000030 0.810101 
5.726620 0.615481 -0.000028 0.788152 
5.765828 0.645367 -0.000027 0.763873 
5.805037 0.675812 -0.000026 0.737074 
5.844246 0.706651 -0.000025 0.707562 
5.883454 0.737681 -0.000024 0.675149 
5.922663 0.768662 -0.000023 0.639655 
5.961871 0.799313 -0.000022 0.600914 
6.001080 0.829313 -0.000022 0.558784 
6.040289 0.858299 -0.000022 0.513150 
6.079497 0.885867 -0.000021 0.463940 
6.118706 0.911577 -0.000021 0.411129 
