0.237412 -0.104685 -0.000066 0.994505 
0.276620 -0.087733 -0.000069 0.996144 
0.315829 -0.074784 -0.000073 0.997200 
0.355038 -0.064570 -0.000077 0.997913 
0.394246 -0.056311 -0.000081 0.998413 
0.433455 -0.049500 -0.000084 0.998774 
0.472664 -0.043794 -0.000087 0.999041 
0.511872 -0.038950 -0.000090 0.999241 
0.551081 -0.034792 -0.000092 0.999395 
0.590289 -0.031190 -0.000094 0.999513 
0.629498 -0.028045 -0.000095 0.999607 
0.668707 -0.025279 -0.000096 0.999680 
0.707915 -0.022831 -0.000097 0.999739 
0.747124 -0.020654 -0.000097 0.999787 
0.786333 -0.018707 -0.000096 0.999825 
0.825541 -0.016959 -0.000095 0.999856 
0.864750 -0.015382 -0.000094 0.999882 
0.903958 -0.013956 -0.000092 0.999903 
0.943167 -0.012660 -0.000090 0.999920 
0.982376 -0.011478 -0.000088 0.999934 
1.021584 -0.010398 -0.000085 0.999946 
1.060793 -0.009408 -0.000082 0.999956 
1.100002 -0.008496 -0.000078 0.999964 
1.139210 -0.007655 -0.000075 0.999971 
1.178419 -0.006876 -0.000071 0.999976 
1.217627 -0.006153 -0.000067 0.999981 
1.256836 -0.005479 -0.000063 0.999985 
1.296045 -0.004849 -0.000059 0.999988 
1.335253 -0.004259 -0.000054 0.999991 
1.374462 -0.003704 -0.000050 0.999993 
1.413671 -0.003180 -0.000045 0.999995 
1.452879 -0.002683 -0.000041 0.999996 
1.492088 -0.002210 -0.000037 0.999998 
1.531296 -0.001759 -0.000032 0.999998 
1.570505 -0.001327 -0.000028 0.999999 
1.609714 -0.000911 -0.000024 1.000000 
1.648922 -0.000508 -0.000020 1.000000 
1.688131 -0.000118 -0.000016 1.000000 
1.727340 0.000263 -0.000013 1.000000 
1.766548 0.000637 -0.000010 1.000000 
1.805757 0.001004 -0.000006 0.999999 
1.844966 0.001367 -0.000004 0.999999 
1.884174 0.001727 -0.000001 0.999999 
1.923383 0.002086 0.000002 0.999998 
1.962591 0.002445 0.000004 0.999997 
2.001800 0.002806 0.000006 0.999996 
2.041009 0.003170 0.000007 0.999995 
2.080217 0.003539 0.000009 0.999994 
2.119426 0.003914 0.000010 0.999992 
2.158635 0.004296 0.000011 0.999991 
2.197843 0.004687 0.000011 0.999989 
2.237052 0.005088 0.000011 0.999987 
2.276260 0.005501 0.000011 0.999985 
2.315469 0.005926 0.000011 0.999982 
2.354678 0.006365 0.000011 0.999980 
2.393886 0.006820 0.000010 0.999977 
2.433095 0.007292 0.000009 0.999973 
2.472304 0.007783 0.000007 0.999970 
2.511512 0.008294 0.000006 0.999966 
2.550721 0.008826 0.000004 0.999961 
2.589929 0.009382 0.000001 0.999956 
2.629138 0.009962 -0.000001 0.999950 
2.668347 0.010569 -0.000004 0.999944 
2.707555 0.011205 -0.000006 0.999937 
2.746764 0.011871 -0.000010 0.999930 
2.785973 0.012569 -0.000013 0.999921 
2.825181 0.013302 -0.000016 0.999912 
2.864390 0.014071 -0.000020 0.999901 
2.903598 0.014879 -0.000024 0.999889 
2.942807 0.015728 -0.000028 0.999876 
2.982016 0.016621 -0.000032 0.999862 
3.021224 0.017559 -0.000037 0.999846 
3.060433 0.018547 -0.000041 0.999828 
3.099642 0.019586 -0.000046 0.999808 
3.138850 0.020680 -0.000050 0.999786 
3.178059 0.021832 -0.000055 0.999762 
3.217267 0.023046 -0.000060 0.999734 
3.256476 0.024324 -0.000065 0.999704 
3.295685 0.025670 -0.000069 0.999670 
3.334893 0.027089 -0.000074 0.999633 
3.374102 0.028584 -0.000079 0.999591 
3.413311 0.030160 -0.000084 0.999545 
3.452519 0.031822 -0.000088 0.999494 
3.491728 0.033574 -0.000093 0.999436 
3.530936 0.035421 -0.000097 0.999372 
3.570145 0.037369 -0.000102 0.999302 
3.609354 0.039424 -0.000106 0.999223 
3.648562 0.041591 -0.000110 0.999135 
3.687771 0.043877 -0.000114 0.999037 
3.726980 0.046289 -0.000118 0.998928 
3.766188 0.048834 -0.000122 0.998807 
3.805397 0.051518 -0.000125 0.998672 
3.844606 0.054351 -0.000128 0.998522 
3.883814 0.057341 -0.000131 0.998355 
3.923023 0.060495 -0.000134 0.998168 
3.962231 0.063825 -0.000137 0.997961 
4.001440 0.067339 -0.000139 0.997730 
4.040649 0.071047 -0.000141 0.997473 
4.079857 0.074962 -0.000143 0.997186 
4.119066 0.079094 -0.000145 0.996867 
4.158275 0.083456 -0.000146 0.996511 
4.197483 0.088061 -0.000148 0.996115 
4.236692 0.092921 -0.000149 0.995673 
4.275900 0.098053 -0.000150 0.995181 
4.315109 0.103470 -0.000150 0.994633 
4.354318 0.109188 -0.000150 0.994021 
4.393526 0.115225 -0.000151 0.993339 
4.432735 0.121597 -0.000151 0.992580 
4.471944 0.128324 -0.000150 0.991732 
4.511152 0.135425 -0.000150 0.990788 
4.550361 0.142919 -0.000149 0.989734 
4.589569 0.150830 -0.000149 0.988560 
4.628778 0.159178 -0.000148 0.987250 
4.667987 0.167987 -0.000147 0.985789 
4.707195 0.177281 -0.000145 0.984160 
4.746404 0.187086 -0.000144 0.982343 
4.785613 0.197428 -0.000143 0.980317 
4.824821 0.208334 -0.000141 0.978058 
4.864030 0.219833 -0.000140 0.975538 
4.903238 0.231951 -0.000138 0.972727 
4.942447 0.244720 -0.000136 0.969594 
4.981656 0.258169 -0.000134 0.966100 
5.020864 0.272328 -0.000132 0.962204 
5.060073 0.287227 -0.000130 0.957862 
5.099282 0.302896 -0.000128 0.953023 
5.138490 0.319365 -0.000126 0.947632 
5.177699 0.336660 -0.000124 0.941626 
5.216907 0.354809 -0.000123 0.934939 
5.256116 0.373835 -0.000121 0.927495 
5.295325 0.393760 -0.000119 0.919213 
5.334533 0.414599 -0.000117 0.910004 
5.373742 0.436364 -0.000115 0.899770 
5.412951 0.459060 -0.000113 0.888405 
5.452159 0.482683 -0.000112 0.875795 
5.491368 0.507222 -0.000110 0.861815 
5.530576 0.532652 -0.000109 0.846334 
5.569785 0.558935 -0.000108 0.829211 
5.608994 0.586017 -0.000106 0.810298 
5.648202 0.613827 -0.000105 0.789440 
5.687411 0.642272 -0.000104 0.766477 
5.726620 0.671235 -0.000104 0.741244 
5.765828 0.700574 -0.000103 0.713579 
5.805037 0.730119 -0.000102 0.683320 
5.844246 0.759666 -0.000102 0.650313 
5.883454 0.788982 -0.000101 0.614416 
5.922663 0.817800 -0.000101 0.575503 
5.961871 0.845817 -0.000101 0.533474 
6.001080 0.872699 -0.000100 0.488258 
6.040289 0.898084 -0.000100 0.439824 
6.079497 0.921582 -0.000100 0.388185 
6.118706 0.942783 -0.000100 0.333408 
