0.237412 -0.114465 -0.000060 0.993427 
0.276620 -0.095913 -0.000063 0.995390 
0.315829 -0.081734 -0.000067 0.996654 
0.355038 -0.070545 -0.000070 0.997509 
0.394246 -0.061498 -0.000074 0.998107 
0.433455 -0.054039 -0.000077 0.998539 
0.472664 -0.047791 -0.000079 0.998857 
0.511872 -0.042490 -0.000082 0.999097 
0.551081 -0.037944 -0.000084 0.999280 
0.590289 -0.034008 -0.000085 0.999422 
0.629498 -0.030574 -0.000086 0.999532 
0.668707 -0.027558 -0.000087 0.999620 
0.707915 -0.024892 -0.000087 0.999690 
0.747124 -0.022524 -0.000087 0.999746 
0.786333 -0.020410 -0.000087 0.999792 
0.825541 -0.018515 -0.000086 0.999829 
0.864750 -0.016809 -0.000084 0.999859 
0.903958 -0.015268 -0.000082 0.999883 
0.943167 -0.013871 -0.000080 0.999904 
0.982376 -0.012601 -0.000078 0.999921 
1.021584 -0.011443 -0.000075 0.999935 
1.060793 -0.010384 -0.000072 0.999946 
1.100002 -0.009412 -0.000068 0.999956 
1.139210 -0.008518 -0.000065 0.999964 
1.178419 -0.007693 -0.000061 0.999970 
1.217627 -0.006930 -0.000057 0.999976 
1.256836 -0.006222 -0.000053 0.999981 
1.296045 -0.005563 -0.000049 0.999985 
1.335253 -0.004949 -0.000045 0.999988 
1.374462 -0.004373 -0.000040 0.999990 
1.413671 -0.003833 -0.000036 0.999993 
1.452879 -0.003324 -0.000032 0.999994 
1.492088 -0.002842 -0.000028 0.999996 
1.531296 -0.002385 -0.000024 0.999997 
1.570505 -0.001950 -0.000020 0.999998 
1.609714 -0.001533 -0.000016 0.999999 
1.648922 -0.001133 -0.000013 0.999999 
1.688131 -0.000748 -0.000009 1.000000 
1.727340 -0.000374 -0.000006 1.000000 
1.766548 -0.000011 -0.000003 1.000000 
1.805757 0.000345 0.000000 1.000000 
1.844966 0.000693 0.000003 1.000000 
1.884174 0.001037 0.000005 0.999999 
1.923383 0.001378 0.000007 0.999999 
1.962591 0.001717 0.000009 0.999999 
2.001800 0.002056 0.000011 0.999998 
2.041009 0.002396 0.000012 0.999997 
2.080217 0.002739 0.000013 0.999996 
2.119426 0.003085 0.000014 0.999995 
2.158635 0.003437 0.000015 0.999994 
2.197843 0.003796 0.000015 0.999993 
2.237052 0.004163 0.000015 0.999991 
2.276260 0.004539 0.000015 0.999990 
2.315469 0.004925 0.000014 0.999988 
2.354678 0.005324 0.000014 0.999986 
2.393886 0.005736 0.000013 0.999984 
2.433095 0.006163 0.000011 0.999981 
2.472304 0.006606 0.000010 0.999978 
2.511512 0.007067 0.000008 0.999975 
2.550721 0.007547 0.000006 0.999972 
2.589929 0.008047 0.000004 0.999968 
2.629138 0.008570 0.000002 0.999963 
2.668347 0.009117 -0.000001 0.999958 
2.707555 0.009689 -0.000003 0.999953 
2.746764 0.010289 -0.000006 0.999947 
2.785973 0.010918 -0.000009 0.999940 
2.825181 0.011578 -0.000013 0.999933 
2.864390 0.012272 -0.000016 0.999925 
2.903598 0.013000 -0.000020 0.999915 
2.942807 0.013766 -0.000024 0.999905 
2.982016 0.014572 -0.000027 0.999894 
3.021224 0.015420 -0.000031 0.999881 
3.060433 0.016313 -0.000035 0.999867 
3.099642 0.017254 -0.000040 0.999851 
3.138850 0.018245 -0.000044 0.999834 
3.178059 0.019289 -0.000048 0.999814 
3.217267 0.020389 -0.000053 0.999792 
3.256476 0.021550 -0.000057 0.999768 
3.295685 0.022774 -0.000061 0.999741 
3.334893 0.024064 -0.000066 0.999710 
3.374102 0.025426 -0.000070 0.999677 
3.413311 0.026862 -0.000074 0.999639 
3.452519 0.028378 -0.000078 0.999597 
3.491728 0.029978 -0.000082 0.999551 
3.530936 0.031667 -0.000086 0.999498 
3.570145 0.033450 -0.000090 0.999440 
3.609354 0.035332 -0.000094 0.999376 
3.648562 0.037319 -0.000097 0.999303 
3.687771 0.039418 -0.000101 0.999223 
3.726980 0.041634 -0.000104 0.999133 
3.766188 0.043975 -0.000107 0.999033 
3.805397 0.046447 -0.000110 0.998921 
3.844606 0.049058 -0.000113 0.998796 
3.883814 0.051817 -0.000115 0.998657 
3.923023 0.054731 -0.000117 0.998501 
3.962231 0.057810 -0.000120 0.998328 
4.001440 0.061063 -0.000121 0.998134 
4.040649 0.064501 -0.000123 0.997918 
4.079857 0.068133 -0.000124 0.997676 
4.119066 0.071972 -0.000126 0.997407 
4.158275 0.076028 -0.000126 0.997106 
4.197483 0.080315 -0.000127 0.996770 
4.236692 0.084845 -0.000128 0.996394 
4.275900 0.089633 -0.000128 0.995975 
4.315109 0.094693 -0.000128 0.995506 
4.354318 0.100042 -0.000128 0.994983 
4.393526 0.105694 -0.000128 0.994399 
4.432735 0.111668 -0.000127 0.993746 
4.471944 0.117982 -0.000126 0.993016 
4.511152 0.124654 -0.000125 0.992200 
4.550361 0.131706 -0.000124 0.991289 
4.589569 0.139158 -0.000123 0.990270 
4.628778 0.147032 -0.000122 0.989132 
4.667987 0.155351 -0.000120 0.987859 
4.707195 0.164141 -0.000119 0.986437 
4.746404 0.173426 -0.000117 0.984847 
4.785613 0.183232 -0.000115 0.983070 
4.824821 0.193588 -0.000113 0.981083 
4.864030 0.204522 -0.000111 0.978862 
4.903238 0.216062 -0.000109 0.976380 
4.942447 0.228240 -0.000106 0.973605 
4.981656 0.241087 -0.000104 0.970504 
5.020864 0.254634 -0.000102 0.967038 
5.060073 0.268912 -0.000099 0.963165 
5.099282 0.283955 -0.000097 0.958838 
5.138490 0.299794 -0.000094 0.954004 
5.177699 0.316459 -0.000092 0.948606 
5.216907 0.333982 -0.000089 0.942580 
5.256116 0.352390 -0.000087 0.935853 
5.295325 0.371709 -0.000085 0.928349 
5.334533 0.391962 -0.000082 0.919981 
5.373742 0.413167 -0.000080 0.910655 
5.412951 0.435336 -0.000078 0.900268 
5.452159 0.458475 -0.000076 0.888707 
5.491368 0.482582 -0.000074 0.875851 
5.530576 0.507643 -0.000072 0.861567 
5.569785 0.533632 -0.000070 0.845716 
5.608994 0.560510 -0.000069 0.828148 
5.648202 0.588218 -0.000067 0.808702 
5.687411 0.616679 -0.000066 0.787215 
5.726620 0.645792 -0.000064 0.763513 
5.765828 0.675432 -0.000063 0.737422 
5.805037 0.705443 -0.000062 0.708767 
5.844246 0.735639 -0.000061 0.677374 
5.883454 0.765799 -0.000061 0.643080 
5.922663 0.795668 -0.000060 0.605733 
5.961871 0.824952 -0.000059 0.565203 
6.001080 0.853321 -0.000059 0.521385 
6.040289 0.880411 -0.000059 0.474211 
6.079497 0.905824 -0.000059 0.423655 
6.118706 0.929135 -0.000059 0.369742 
