0.237412 -0.117427 -0.000057 0.993082 
0.276620 -0.098387 -0.000061 0.995148 
0.315829 -0.083831 -0.000064 0.996480 
0.355038 -0.072345 -0.000067 0.997380 
0.394246 -0.063057 -0.000070 0.998010 
0.433455 -0.055399 -0.000073 0.998464 
0.472664 -0.048987 -0.000076 0.998799 
0.511872 -0.043546 -0.000078 0.999051 
0.551081 -0.038881 -0.000080 0.999244 
0.590289 -0.034844 -0.000082 0.999393 
0.629498 -0.031322 -0.000083 0.999509 
0.668707 -0.028230 -0.000083 0.999601 
0.707915 -0.025498 -0.000083 0.999675 
0.747124 -0.023072 -0.000083 0.999734 
0.786333 -0.020907 -0.000082 0.999781 
0.825541 -0.018968 -0.000081 0.999820 
0.864750 -0.017223 -0.000080 0.999852 
0.903958 -0.015647 -0.000078 0.999878 
0.943167 -0.014221 -0.000076 0.999899 
0.982376 -0.012924 -0.000073 0.999916 
1.021584 -0.011742 -0.000070 0.999931 
1.060793 -0.010662 -0.000067 0.999943 
1.100002 -0.009673 -0.000064 0.999953 
1.139210 -0.008763 -0.000061 0.999962 
1.178419 -0.007925 -0.000057 0.999969 
1.217627 -0.007150 -0.000053 0.999974 
1.256836 -0.006432 -0.000049 0.999979 
1.296045 -0.005765 -0.000045 0.999983 
1.335253 -0.005143 -0.000041 0.999987 
1.374462 -0.004562 -0.000037 0.999990 
1.413671 -0.004017 -0.000033 0.999992 
1.452879 -0.003504 -0.000029 0.999994 
1.492088 -0.003020 -0.000025 0.999995 
1.531296 -0.002562 -0.000021 0.999997 
1.570505 -0.002126 -0.000017 0.999998 
1.609714 -0.001709 -0.000013 0.999999 
1.648922 -0.001310 -0.000010 0.999999 
1.688131 -0.000926 -0.000007 1.000000 
1.727340 -0.000555 -0.000003 1.000000 
1.766548 -0.000195 -0.000001 1.000000 
1.805757 0.000157 0.000002 1.000000 
1.844966 0.000501 0.000005 1.000000 
1.884174 0.000840 0.000007 1.000000 
1.923383 0.001175 0.000009 0.999999 
1.962591 0.001508 0.000011 0.999999 
2.001800 0.001840 0.000012 0.999998 
2.041009 0.002172 0.000013 0.999998 
2.080217 0.002507 0.000014 0.999997 
2.119426 0.002845 0.000015 0.999996 
2.158635 0.003188 0.000015 0.999995 
2.197843 0.003537 0.000016 0.999994 
2.237052 0.003893 0.000016 0.999992 
2.276260 0.004258 0.000015 0.999991 
2.315469 0.004633 0.000015 0.999989 
2.354678 0.005019 0.000014 0.999987 
2.393886 0.005419 0.000013 0.999985 
2.433095 0.005832 0.000012 0.999983 
2.472304 0.006261 0.000010 0.999980 
2.511512 0.006706 0.000008 0.999978 
2.550721 0.007170 0.000006 0.999974 
2.589929 0.007654 0.000004 0.999971 
2.629138 0.008160 0.000002 0.999967 
2.668347 0.008688 -0.000001 0.999962 
2.707555 0.009242 -0.000003 0.999957 
2.746764 0.009821 -0.000006 0.999952 
2.785973 0.010429 -0.000009 0.999946 
2.825181 0.011068 -0.000012 0.999939 
2.864390 0.011738 -0.000016 0.999931 
2.903598 0.012443 -0.000019 0.999923 
2.942807 0.013184 -0.000023 0.999913 
2.982016 0.013963 -0.000027 0.999903 
3.021224 0.014784 -0.000031 0.999891 
3.060433 0.015648 -0.000035 0.999878 
3.099642 0.016559 -0.000039 0.999863 
3.138850 0.017519 -0.000043 0.999847 
3.178059 0.018530 -0.000047 0.999828 
3.217267 0.019597 -0.000051 0.999808 
3.256476 0.020721 -0.000055 0.999785 
3.295685 0.021908 -0.000059 0.999760 
3.334893 0.023160 -0.000064 0.999732 
3.374102 0.024481 -0.000068 0.999700 
3.413311 0.025875 -0.000072 0.999665 
3.452519 0.027347 -0.000076 0.999626 
3.491728 0.028900 -0.000079 0.999582 
3.530936 0.030541 -0.000083 0.999534 
3.570145 0.032273 -0.000087 0.999479 
3.609354 0.034103 -0.000090 0.999418 
3.648562 0.036036 -0.000094 0.999351 
3.687771 0.038077 -0.000097 0.999275 
3.726980 0.040234 -0.000100 0.999190 
3.766188 0.042512 -0.000103 0.999096 
3.805397 0.044919 -0.000106 0.998991 
3.844606 0.047463 -0.000108 0.998873 
3.883814 0.050151 -0.000110 0.998742 
3.923023 0.052992 -0.000112 0.998595 
3.962231 0.055995 -0.000114 0.998431 
4.001440 0.059169 -0.000116 0.998248 
4.040649 0.062523 -0.000117 0.998044 
4.079857 0.066069 -0.000119 0.997815 
4.119066 0.069818 -0.000120 0.997560 
4.158275 0.073780 -0.000120 0.997275 
4.197483 0.077970 -0.000121 0.996956 
4.236692 0.082399 -0.000121 0.996599 
4.275900 0.087082 -0.000121 0.996201 
4.315109 0.092033 -0.000121 0.995756 
4.354318 0.097267 -0.000121 0.995258 
4.393526 0.102802 -0.000121 0.994702 
4.432735 0.108654 -0.000120 0.994080 
4.471944 0.114840 -0.000119 0.993384 
4.511152 0.121381 -0.000118 0.992606 
4.550361 0.128297 -0.000117 0.991736 
4.589569 0.135608 -0.000116 0.990763 
4.628778 0.143336 -0.000114 0.989674 
4.667987 0.151505 -0.000112 0.988457 
4.707195 0.160139 -0.000111 0.987095 
4.746404 0.169263 -0.000109 0.985571 
4.785613 0.178904 -0.000107 0.983866 
4.824821 0.189090 -0.000105 0.981960 
4.864030 0.199849 -0.000102 0.979827 
4.903238 0.211211 -0.000100 0.977440 
4.942447 0.223206 -0.000098 0.974771 
4.981656 0.235866 -0.000095 0.971786 
5.020864 0.249223 -0.000093 0.968446 
5.060073 0.263309 -0.000090 0.964712 
5.099282 0.278156 -0.000088 0.960536 
5.138490 0.293799 -0.000085 0.955867 
5.177699 0.310267 -0.000083 0.950649 
5.216907 0.327594 -0.000080 0.944819 
5.256116 0.345807 -0.000078 0.938306 
5.295325 0.364935 -0.000075 0.931033 
5.334533 0.385002 -0.000073 0.922916 
5.373742 0.406029 -0.000070 0.913860 
5.412951 0.428029 -0.000068 0.903765 
5.452159 0.451011 -0.000066 0.892518 
5.491368 0.474976 -0.000064 0.879999 
5.530576 0.499913 -0.000062 0.866076 
5.569785 0.525801 -0.000060 0.850608 
5.608994 0.552603 -0.000058 0.833445 
5.648202 0.580266 -0.000057 0.814427 
5.687411 0.608717 -0.000055 0.793387 
5.726620 0.637861 -0.000054 0.770151 
5.765828 0.667577 -0.000053 0.744541 
5.805037 0.697714 -0.000052 0.716377 
5.844246 0.728091 -0.000051 0.685480 
5.883454 0.758493 -0.000050 0.651681 
5.922663 0.788667 -0.000049 0.614821 
5.961871 0.818323 -0.000049 0.574759 
6.001080 0.847133 -0.000048 0.531380 
6.040289 0.874733 -0.000048 0.484605 
6.079497 0.900722 -0.000048 0.434395 
6.118706 0.924673 -0.000048 0.380763 
