0.237412 -0.108108 -0.000064 0.994139 
0.276620 -0.090598 -0.000068 0.995888 
0.315829 -0.077220 -0.000071 0.997014 
0.355038 -0.066666 -0.000075 0.997775 
0.394246 -0.058132 -0.000079 0.998309 
0.433455 -0.051096 -0.000082 0.998694 
0.472664 -0.045201 -0.000085 0.998978 
0.511872 -0.040197 -0.000087 0.999192 
0.551081 -0.035904 -0.000090 0.999355 
0.590289 -0.032186 -0.000091 0.999482 
0.629498 -0.028940 -0.000093 0.999581 
0.668707 -0.026086 -0.000094 0.999660 
0.707915 -0.023562 -0.000094 0.999722 
0.747124 -0.021318 -0.000094 0.999773 
0.786333 -0.019313 -0.000093 0.999813 
0.825541 -0.017513 -0.000093 0.999847 
0.864750 -0.015892 -0.000091 0.999874 
0.903958 -0.014425 -0.000089 0.999896 
0.943167 -0.013093 -0.000087 0.999914 
0.982376 -0.011881 -0.000085 0.999929 
1.021584 -0.010773 -0.000082 0.999942 
1.060793 -0.009758 -0.000079 0.999952 
1.100002 -0.008826 -0.000075 0.999961 
1.139210 -0.007966 -0.000072 0.999968 
1.178419 -0.007171 -0.000068 0.999974 
1.217627 -0.006433 -0.000064 0.999979 
1.256836 -0.005747 -0.000060 0.999983 
1.296045 -0.005107 -0.000056 0.999987 
1.335253 -0.004508 -0.000051 0.999990 
1.374462 -0.003946 -0.000047 0.999992 
1.413671 -0.003416 -0.000043 0.999994 
1.452879 -0.002915 -0.000038 0.999996 
1.492088 -0.002439 -0.000034 0.999997 
1.531296 -0.001986 -0.000030 0.999998 
1.570505 -0.001552 -0.000026 0.999999 
1.609714 -0.001136 -0.000022 0.999999 
1.648922 -0.000734 -0.000018 1.000000 
1.688131 -0.000345 -0.000014 1.000000 
1.727340 0.000034 -0.000011 1.000000 
1.766548 0.000404 -0.000007 1.000000 
1.805757 0.000767 -0.000004 1.000000 
1.844966 0.001125 -0.000001 0.999999 
1.884174 0.001479 0.000001 0.999999 
1.923383 0.001832 0.000004 0.999998 
1.962591 0.002184 0.000006 0.999998 
2.001800 0.002537 0.000008 0.999997 
2.041009 0.002893 0.000009 0.999996 
2.080217 0.003253 0.000010 0.999995 
2.119426 0.003618 0.000011 0.999993 
2.158635 0.003990 0.000012 0.999992 
2.197843 0.004369 0.000013 0.999990 
2.237052 0.004758 0.000013 0.999989 
2.276260 0.005158 0.000013 0.999987 
2.315469 0.005570 0.000013 0.999984 
2.354678 0.005995 0.000012 0.999982 
2.393886 0.006435 0.000011 0.999979 
2.433095 0.006891 0.000010 0.999976 
2.472304 0.007365 0.000009 0.999973 
2.511512 0.007859 0.000007 0.999969 
2.550721 0.008373 0.000005 0.999965 
2.589929 0.008909 0.000003 0.999960 
2.629138 0.009469 0.000001 0.999955 
2.668347 0.010055 -0.000002 0.999949 
2.707555 0.010669 -0.000005 0.999943 
2.746764 0.011312 -0.000008 0.999936 
2.785973 0.011986 -0.000011 0.999928 
2.825181 0.012693 -0.000015 0.999919 
2.864390 0.013435 -0.000018 0.999910 
2.903598 0.014216 -0.000022 0.999899 
2.942807 0.015036 -0.000026 0.999887 
2.982016 0.015898 -0.000030 0.999874 
3.021224 0.016805 -0.000034 0.999859 
3.060433 0.017759 -0.000039 0.999842 
3.099642 0.018764 -0.000043 0.999824 
3.138850 0.019822 -0.000048 0.999804 
3.178059 0.020936 -0.000052 0.999781 
3.217267 0.022110 -0.000057 0.999756 
3.256476 0.023347 -0.000061 0.999727 
3.295685 0.024651 -0.000066 0.999696 
3.334893 0.026025 -0.000071 0.999661 
3.374102 0.027473 -0.000075 0.999623 
3.413311 0.029001 -0.000080 0.999579 
3.452519 0.030611 -0.000085 0.999531 
3.491728 0.032310 -0.000089 0.999478 
3.530936 0.034102 -0.000093 0.999418 
3.570145 0.035993 -0.000098 0.999352 
3.609354 0.037987 -0.000102 0.999278 
3.648562 0.040091 -0.000106 0.999196 
3.687771 0.042312 -0.000109 0.999104 
3.726980 0.044656 -0.000113 0.999002 
3.766188 0.047129 -0.000116 0.998889 
3.805397 0.049740 -0.000120 0.998762 
3.844606 0.052495 -0.000123 0.998621 
3.883814 0.055404 -0.000126 0.998464 
3.923023 0.058475 -0.000128 0.998289 
3.962231 0.061717 -0.000131 0.998094 
4.001440 0.065140 -0.000133 0.997876 
4.040649 0.068755 -0.000135 0.997634 
4.079857 0.072571 -0.000137 0.997363 
4.119066 0.076601 -0.000138 0.997062 
4.158275 0.080857 -0.000139 0.996726 
4.197483 0.085351 -0.000140 0.996351 
4.236692 0.090096 -0.000141 0.995933 
4.275900 0.095108 -0.000142 0.995467 
4.315109 0.100401 -0.000142 0.994947 
4.354318 0.105991 -0.000143 0.994367 
4.393526 0.111894 -0.000143 0.993720 
4.432735 0.118128 -0.000142 0.992998 
4.471944 0.124711 -0.000142 0.992193 
4.511152 0.131663 -0.000141 0.991295 
4.550361 0.139004 -0.000141 0.990292 
4.589569 0.146755 -0.000140 0.989173 
4.628778 0.154938 -0.000139 0.987924 
4.667987 0.163577 -0.000137 0.986531 
4.707195 0.172696 -0.000136 0.984975 
4.746404 0.182321 -0.000134 0.983239 
4.785613 0.192477 -0.000133 0.981301 
4.824821 0.203193 -0.000131 0.979139 
4.864030 0.214495 -0.000129 0.976725 
4.903238 0.226414 -0.000127 0.974031 
4.942447 0.238978 -0.000125 0.971025 
4.981656 0.252219 -0.000123 0.967670 
5.020864 0.266166 -0.000121 0.963927 
5.060073 0.280851 -0.000119 0.959751 
5.099282 0.296304 -0.000117 0.955094 
5.138490 0.312555 -0.000115 0.949900 
5.177699 0.329633 -0.000113 0.944109 
5.216907 0.347567 -0.000110 0.937655 
5.256116 0.366380 -0.000108 0.930465 
5.295325 0.386097 -0.000106 0.922458 
5.334533 0.406736 -0.000104 0.913546 
5.373742 0.428310 -0.000102 0.903632 
5.412951 0.450827 -0.000100 0.892611 
5.452159 0.474287 -0.000099 0.880370 
5.491368 0.498681 -0.000097 0.866785 
5.530576 0.523989 -0.000095 0.851725 
5.569785 0.550176 -0.000094 0.835049 
5.608994 0.577194 -0.000092 0.816607 
5.648202 0.604976 -0.000091 0.796243 
5.687411 0.633435 -0.000090 0.773796 
5.726620 0.662459 -0.000089 0.749098 
5.765828 0.691912 -0.000088 0.721982 
5.805037 0.721628 -0.000087 0.692281 
5.844246 0.751411 -0.000087 0.659834 
5.883454 0.781031 -0.000086 0.624492 
5.922663 0.810224 -0.000086 0.586121 
5.961871 0.838691 -0.000085 0.544608 
6.001080 0.866099 -0.000085 0.499873 
6.040289 0.892084 -0.000085 0.451870 
6.079497 0.916253 -0.000085 0.400599 
6.118706 0.938193 -0.000084 0.346113 
