0.237412 -0.088950 -0.000070 0.996036 
0.276620 -0.074541 -0.000074 0.997218 
0.315829 -0.063544 -0.000079 0.997979 
0.355038 -0.054874 -0.000083 0.998493 
0.394246 -0.047864 -0.000087 0.998854 
0.433455 -0.042080 -0.000090 0.999114 
0.472664 -0.037232 -0.000094 0.999307 
0.511872 -0.033112 -0.000097 0.999452 
0.551081 -0.029573 -0.000099 0.999563 
0.590289 -0.026502 -0.000101 0.999649 
0.629498 -0.023815 -0.000103 0.999716 
0.668707 -0.021449 -0.000104 0.999770 
0.707915 -0.019350 -0.000105 0.999813 
0.747124 -0.017478 -0.000105 0.999847 
0.786333 -0.015801 -0.000104 0.999875 
0.825541 -0.014290 -0.000104 0.999898 
0.864750 -0.012923 -0.000103 0.999916 
0.903958 -0.011681 -0.000101 0.999932 
0.943167 -0.010549 -0.000099 0.999944 
0.982376 -0.009513 -0.000097 0.999955 
1.021584 -0.008561 -0.000094 0.999963 
1.060793 -0.007683 -0.000091 0.999970 
1.100002 -0.006871 -0.000088 0.999976 
1.139210 -0.006118 -0.000084 0.999981 
1.178419 -0.005416 -0.000081 0.999985 
1.217627 -0.004759 -0.000077 0.999989 
1.256836 -0.004144 -0.000073 0.999991 
1.296045 -0.003564 -0.000069 0.999994 
1.335253 -0.003016 -0.000064 0.999995 
1.374462 -0.002495 -0.000060 0.999997 
1.413671 -0.002000 -0.000056 0.999998 
1.452879 -0.001526 -0.000051 0.999999 
1.492088 -0.001071 -0.000047 0.999999 
1.531296 -0.000632 -0.000043 1.000000 
1.570505 -0.000207 -0.000039 1.000000 
1.609714 0.000207 -0.000035 1.000000 
1.648922 0.000611 -0.000031 1.000000 
1.688131 0.001008 -0.000027 0.999999 
1.727340 0.001399 -0.000023 0.999999 
1.766548 0.001785 -0.000020 0.999998 
1.805757 0.002170 -0.000017 0.999998 
1.844966 0.002554 -0.000014 0.999997 
1.884174 0.002938 -0.000011 0.999996 
1.923383 0.003325 -0.000009 0.999994 
1.962591 0.003716 -0.000006 0.999993 
2.001800 0.004112 -0.000004 0.999992 
2.041009 0.004514 -0.000003 0.999990 
2.080217 0.004924 -0.000001 0.999988 
2.119426 0.005343 -0.000000 0.999986 
2.158635 0.005774 0.000000 0.999983 
2.197843 0.006216 0.000001 0.999981 
2.237052 0.006671 0.000001 0.999978 
2.276260 0.007142 0.000001 0.999974 
2.315469 0.007628 0.000001 0.999971 
2.354678 0.008133 0.000000 0.999967 
2.393886 0.008656 -0.000001 0.999963 
2.433095 0.009201 -0.000002 0.999958 
2.472304 0.009768 -0.000004 0.999952 
2.511512 0.010358 -0.000005 0.999946 
2.550721 0.010975 -0.000007 0.999940 
2.589929 0.011619 -0.000010 0.999932 
2.629138 0.012292 -0.000012 0.999924 
2.668347 0.012996 -0.000015 0.999916 
2.707555 0.013733 -0.000019 0.999906 
2.746764 0.014506 -0.000022 0.999895 
2.785973 0.015315 -0.000026 0.999883 
2.825181 0.016165 -0.000029 0.999869 
2.864390 0.017056 -0.000033 0.999855 
2.903598 0.017991 -0.000038 0.999838 
2.942807 0.018973 -0.000042 0.999820 
2.982016 0.020005 -0.000047 0.999800 
3.021224 0.021088 -0.000052 0.999778 
3.060433 0.022228 -0.000056 0.999753 
3.099642 0.023425 -0.000061 0.999726 
3.138850 0.024685 -0.000067 0.999695 
3.178059 0.026009 -0.000072 0.999662 
3.217267 0.027403 -0.000077 0.999624 
3.256476 0.028868 -0.000082 0.999583 
3.295685 0.030411 -0.000088 0.999537 
3.334893 0.032034 -0.000093 0.999487 
3.374102 0.033743 -0.000099 0.999431 
3.413311 0.035542 -0.000104 0.999368 
3.452519 0.037436 -0.000109 0.999299 
3.491728 0.039429 -0.000114 0.999222 
3.530936 0.041529 -0.000120 0.999137 
3.570145 0.043740 -0.000125 0.999043 
3.609354 0.046069 -0.000130 0.998938 
3.648562 0.048522 -0.000134 0.998822 
3.687771 0.051106 -0.000139 0.998693 
3.726980 0.053828 -0.000144 0.998550 
3.766188 0.056696 -0.000148 0.998391 
3.805397 0.059717 -0.000152 0.998215 
3.844606 0.062901 -0.000156 0.998020 
3.883814 0.066255 -0.000160 0.997803 
3.923023 0.069790 -0.000164 0.997562 
3.962231 0.073515 -0.000167 0.997294 
4.001440 0.077440 -0.000170 0.996997 
4.040649 0.081577 -0.000173 0.996667 
4.079857 0.085938 -0.000176 0.996301 
4.119066 0.090533 -0.000178 0.995893 
4.158275 0.095376 -0.000181 0.995441 
4.197483 0.100481 -0.000183 0.994939 
4.236692 0.105862 -0.000185 0.994381 
4.275900 0.111533 -0.000186 0.993761 
4.315109 0.117510 -0.000188 0.993072 
4.354318 0.123810 -0.000189 0.992306 
4.393526 0.130450 -0.000190 0.991455 
4.432735 0.137447 -0.000191 0.990509 
4.471944 0.144822 -0.000192 0.989458 
4.511152 0.152593 -0.000193 0.988289 
4.550361 0.160781 -0.000193 0.986990 
4.589569 0.169408 -0.000193 0.985546 
4.628778 0.178496 -0.000193 0.983941 
4.667987 0.188069 -0.000193 0.982156 
4.707195 0.198151 -0.000193 0.980171 
4.746404 0.208767 -0.000193 0.977965 
4.785613 0.219942 -0.000193 0.975513 
4.824821 0.231703 -0.000192 0.972787 
4.864030 0.244076 -0.000192 0.969756 
4.903238 0.257090 -0.000191 0.966387 
4.942447 0.270772 -0.000191 0.962643 
4.981656 0.285149 -0.000190 0.958483 
5.020864 0.300250 -0.000189 0.953861 
5.060073 0.316100 -0.000188 0.948726 
5.099282 0.332726 -0.000188 0.943024 
5.138490 0.350152 -0.000187 0.936693 
5.177699 0.368401 -0.000186 0.929667 
5.216907 0.387493 -0.000186 0.921872 
5.256116 0.407445 -0.000185 0.913230 
5.295325 0.428267 -0.000184 0.903652 
5.334533 0.449967 -0.000184 0.893045 
5.373742 0.472545 -0.000183 0.881306 
5.412951 0.495993 -0.000183 0.868326 
5.452159 0.520293 -0.000183 0.853988 
5.491368 0.545417 -0.000182 0.838165 
5.530576 0.571322 -0.000182 0.820726 
5.569785 0.597950 -0.000182 0.801533 
5.608994 0.625228 -0.000182 0.780442 
5.648202 0.653061 -0.000182 0.757306 
5.687411 0.681332 -0.000182 0.731975 
5.726620 0.709901 -0.000182 0.704301 
5.765828 0.738602 -0.000183 0.674141 
5.805037 0.767241 -0.000183 0.641359 
5.844246 0.795593 -0.000183 0.605831 
5.883454 0.823407 -0.000183 0.567452 
5.922663 0.850399 -0.000184 0.526138 
5.961871 0.876261 -0.000184 0.481837 
6.001080 0.900656 -0.000184 0.434533 
6.040289 0.923230 -0.000184 0.384248 
6.079497 0.943611 -0.000184 0.331057 
6.118706 0.961420 -0.000183 0.275086 
