0.237412 -0.101079 -0.000067 0.994878 
0.276620 -0.084712 -0.000071 0.996405 
0.315829 -0.072213 -0.000075 0.997389 
0.355038 -0.062355 -0.000079 0.998054 
0.394246 -0.054385 -0.000082 0.998520 
0.433455 -0.047811 -0.000086 0.998856 
0.472664 -0.042303 -0.000089 0.999105 
0.511872 -0.037626 -0.000092 0.999292 
0.551081 -0.033611 -0.000094 0.999435 
0.590289 -0.030131 -0.000096 0.999546 
0.629498 -0.027091 -0.000098 0.999633 
0.668707 -0.024417 -0.000099 0.999702 
0.707915 -0.022050 -0.000099 0.999757 
0.747124 -0.019942 -0.000099 0.999801 
0.786333 -0.018057 -0.000099 0.999837 
0.825541 -0.016364 -0.000098 0.999866 
0.864750 -0.014835 -0.000097 0.999890 
0.903958 -0.013451 -0.000095 0.999910 
0.943167 -0.012192 -0.000093 0.999926 
0.982376 -0.011044 -0.000090 0.999939 
1.021584 -0.009993 -0.000088 0.999950 
1.060793 -0.009028 -0.000085 0.999959 
1.100002 -0.008139 -0.000081 0.999967 
1.139210 -0.007317 -0.000078 0.999973 
1.178419 -0.006556 -0.000074 0.999979 
1.217627 -0.005848 -0.000070 0.999983 
1.256836 -0.005187 -0.000066 0.999987 
1.296045 -0.004568 -0.000061 0.999990 
1.335253 -0.003988 -0.000057 0.999992 
1.374462 -0.003440 -0.000052 0.999994 
1.413671 -0.002922 -0.000048 0.999996 
1.452879 -0.002430 -0.000044 0.999997 
1.492088 -0.001962 -0.000039 0.999998 
1.531296 -0.001513 -0.000035 0.999999 
1.570505 -0.001082 -0.000031 0.999999 
1.609714 -0.000666 -0.000027 1.000000 
1.648922 -0.000263 -0.000023 1.000000 
1.688131 0.000129 -0.000019 1.000000 
1.727340 0.000513 -0.000015 1.000000 
1.766548 0.000889 -0.000012 1.000000 
1.805757 0.001260 -0.000009 0.999999 
1.844966 0.001628 -0.000006 0.999999 
1.884174 0.001994 -0.000003 0.999998 
1.923383 0.002360 -0.000001 0.999997 
1.962591 0.002726 0.000002 0.999996 
2.001800 0.003095 0.000004 0.999995 
2.041009 0.003468 0.000005 0.999994 
2.080217 0.003847 0.000007 0.999993 
2.119426 0.004232 0.000008 0.999991 
2.158635 0.004626 0.000009 0.999989 
2.197843 0.005028 0.000009 0.999987 
2.237052 0.005442 0.000009 0.999985 
2.276260 0.005868 0.000009 0.999983 
2.315469 0.006307 0.000009 0.999980 
2.354678 0.006761 0.000009 0.999977 
2.393886 0.007232 0.000008 0.999974 
2.433095 0.007721 0.000007 0.999970 
2.472304 0.008229 0.000005 0.999966 
2.511512 0.008758 0.000004 0.999962 
2.550721 0.009310 0.000002 0.999957 
2.589929 0.009886 -0.000001 0.999951 
2.629138 0.010488 -0.000003 0.999945 
2.668347 0.011117 -0.000006 0.999938 
2.707555 0.011776 -0.000009 0.999931 
2.746764 0.012466 -0.000012 0.999922 
2.785973 0.013190 -0.000015 0.999913 
2.825181 0.013950 -0.000019 0.999903 
2.864390 0.014747 -0.000023 0.999891 
2.903598 0.015584 -0.000026 0.999879 
2.942807 0.016464 -0.000031 0.999864 
2.982016 0.017388 -0.000035 0.999849 
3.021224 0.018360 -0.000039 0.999831 
3.060433 0.019383 -0.000044 0.999812 
3.099642 0.020459 -0.000049 0.999791 
3.138850 0.021591 -0.000053 0.999767 
3.178059 0.022782 -0.000058 0.999740 
3.217267 0.024037 -0.000063 0.999711 
3.256476 0.025358 -0.000068 0.999678 
3.295685 0.026750 -0.000073 0.999642 
3.334893 0.028216 -0.000078 0.999602 
3.374102 0.029760 -0.000083 0.999557 
3.413311 0.031388 -0.000088 0.999507 
3.452519 0.033103 -0.000093 0.999452 
3.491728 0.034910 -0.000097 0.999390 
3.530936 0.036816 -0.000102 0.999322 
3.570145 0.038825 -0.000107 0.999246 
3.609354 0.040943 -0.000111 0.999161 
3.648562 0.043176 -0.000115 0.999067 
3.687771 0.045531 -0.000120 0.998963 
3.726980 0.048014 -0.000124 0.998847 
3.766188 0.050633 -0.000127 0.998717 
3.805397 0.053395 -0.000131 0.998573 
3.844606 0.056309 -0.000134 0.998413 
3.883814 0.059383 -0.000138 0.998235 
3.923023 0.062626 -0.000141 0.998037 
3.962231 0.066046 -0.000143 0.997817 
4.001440 0.069655 -0.000146 0.997571 
4.040649 0.073463 -0.000148 0.997298 
4.079857 0.077481 -0.000150 0.996994 
4.119066 0.081721 -0.000152 0.996655 
4.158275 0.086194 -0.000154 0.996278 
4.197483 0.090914 -0.000155 0.995859 
4.236692 0.095895 -0.000157 0.995391 
4.275900 0.101152 -0.000158 0.994871 
4.315109 0.106698 -0.000158 0.994291 
4.354318 0.112551 -0.000159 0.993646 
4.393526 0.118728 -0.000159 0.992927 
4.432735 0.125245 -0.000159 0.992126 
4.471944 0.132122 -0.000159 0.991233 
4.511152 0.139378 -0.000159 0.990239 
4.550361 0.147034 -0.000159 0.989131 
4.589569 0.155111 -0.000158 0.987897 
4.628778 0.163631 -0.000158 0.986522 
4.667987 0.172617 -0.000157 0.984989 
4.707195 0.182095 -0.000156 0.983281 
4.746404 0.192089 -0.000155 0.981378 
4.785613 0.202624 -0.000153 0.979257 
4.824821 0.213730 -0.000152 0.976893 
4.864030 0.225432 -0.000151 0.974259 
4.903238 0.237759 -0.000149 0.971324 
4.942447 0.250741 -0.000148 0.968054 
4.981656 0.264407 -0.000146 0.964411 
5.020864 0.278786 -0.000144 0.960353 
5.060073 0.293908 -0.000143 0.955834 
5.099282 0.309802 -0.000141 0.950801 
5.138490 0.326495 -0.000139 0.945199 
5.177699 0.344016 -0.000137 0.938964 
5.216907 0.362387 -0.000136 0.932028 
5.256116 0.381633 -0.000134 0.924314 
5.295325 0.401771 -0.000132 0.915740 
5.334533 0.422816 -0.000131 0.906216 
5.373742 0.444777 -0.000129 0.895642 
5.412951 0.467655 -0.000128 0.883911 
5.452159 0.491445 -0.000127 0.870909 
5.491368 0.516129 -0.000125 0.856511 
5.530576 0.541681 -0.000124 0.840584 
5.569785 0.568056 -0.000123 0.822990 
5.608994 0.595198 -0.000122 0.803579 
5.648202 0.623028 -0.000121 0.782200 
5.687411 0.651448 -0.000121 0.758693 
5.726620 0.680337 -0.000120 0.732899 
5.765828 0.709547 -0.000119 0.704658 
5.805037 0.738900 -0.000119 0.673815 
5.844246 0.768190 -0.000118 0.640222 
5.883454 0.797177 -0.000118 0.603745 
5.922663 0.825591 -0.000118 0.564270 
5.961871 0.853126 -0.000118 0.521705 
6.001080 0.879449 -0.000118 0.475993 
6.040289 0.904197 -0.000117 0.427116 
6.079497 0.926984 -0.000117 0.375101 
6.118706 0.947407 -0.000117 0.320030 
