0.237412 -0.160753 0.000035 0.986995 
0.276620 -0.134262 0.000037 0.990946 
0.315829 -0.113950 0.000039 0.993486 
0.355038 -0.097903 0.000042 0.995196 
0.394246 -0.084929 0.000044 0.996387 
0.433455 -0.074248 0.000047 0.997240 
0.472664 -0.065323 0.000049 0.997864 
0.511872 -0.057775 0.000052 0.998330 
0.551081 -0.051326 0.000055 0.998682 
0.590289 -0.045770 0.000058 0.998952 
0.629498 -0.040949 0.000060 0.999161 
0.668707 -0.036738 0.000063 0.999325 
0.707915 -0.033040 0.000066 0.999454 
0.747124 -0.029779 0.000068 0.999557 
0.786333 -0.026889 0.000070 0.999638 
0.825541 -0.024319 0.000073 0.999704 
0.864750 -0.022026 0.000075 0.999757 
0.903958 -0.019973 0.000077 0.999801 
0.943167 -0.018131 0.000078 0.999836 
0.982376 -0.016474 0.000080 0.999864 
1.021584 -0.014979 0.000081 0.999888 
1.060793 -0.013628 0.000082 0.999907 
1.100002 -0.012405 0.000083 0.999923 
1.139210 -0.011294 0.000083 0.999936 
1.178419 -0.010285 0.000083 0.999947 
1.217627 -0.009365 0.000083 0.999956 
1.256836 -0.008526 0.000083 0.999964 
1.296045 -0.007759 0.000082 0.999970 
1.335253 -0.007056 0.000081 0.999975 
1.374462 -0.006411 0.000079 0.999979 
1.413671 -0.005818 0.000078 0.999983 
1.452879 -0.005272 0.000076 0.999986 
1.492088 -0.004769 0.000073 0.999989 
1.531296 -0.004302 0.000070 0.999991 
1.570505 -0.003870 0.000067 0.999993 
1.609714 -0.003468 0.000064 0.999994 
1.648922 -0.003094 0.000060 0.999995 
1.688131 -0.002743 0.000056 0.999996 
1.727340 -0.002415 0.000052 0.999997 
1.766548 -0.002106 0.000047 0.999998 
1.805757 -0.001814 0.000042 0.999998 
1.844966 -0.001538 0.000037 0.999999 
1.884174 -0.001274 0.000032 0.999999 
1.923383 -0.001023 0.000027 0.999999 
1.962591 -0.000781 0.000022 1.000000 
2.001800 -0.000547 0.000016 1.000000 
2.041009 -0.000321 0.000011 1.000000 
2.080217 -0.000100 0.000005 1.000000 
2.119426 0.000117 -0.000001 1.000000 
2.158635 0.000331 -0.000006 1.000000 
2.197843 0.000542 -0.000012 1.000000 
2.237052 0.000753 -0.000017 1.000000 
2.276260 0.000964 -0.000022 1.000000 
2.315469 0.001177 -0.000028 0.999999 
2.354678 0.001392 -0.000033 0.999999 
2.393886 0.001611 -0.000037 0.999999 
2.433095 0.001834 -0.000042 0.999998 
2.472304 0.002063 -0.000047 0.999998 
2.511512 0.002299 -0.000051 0.999997 
2.550721 0.002543 -0.000055 0.999997 
2.589929 0.002795 -0.000058 0.999996 
2.629138 0.003057 -0.000062 0.999995 
2.668347 0.003330 -0.000065 0.999994 
2.707555 0.003616 -0.000068 0.999993 
2.746764 0.003915 -0.000070 0.999992 
2.785973 0.004228 -0.000072 0.999991 
2.825181 0.004557 -0.000074 0.999990 
2.864390 0.004904 -0.000076 0.999988 
2.903598 0.005270 -0.000077 0.999986 
2.942807 0.005655 -0.000078 0.999984 
2.982016 0.006062 -0.000079 0.999982 
3.021224 0.006493 -0.000079 0.999979 
3.060433 0.006948 -0.000079 0.999976 
3.099642 0.007430 -0.000079 0.999972 
3.138850 0.007941 -0.000079 0.999968 
3.178059 0.008483 -0.000078 0.999964 
3.217267 0.009058 -0.000077 0.999959 
3.256476 0.009667 -0.000076 0.999953 
3.295685 0.010315 -0.000074 0.999947 
3.334893 0.011002 -0.000073 0.999939 
3.374102 0.011732 -0.000071 0.999931 
3.413311 0.012508 -0.000069 0.999922 
3.452519 0.013333 -0.000067 0.999911 
3.491728 0.014210 -0.000065 0.999899 
3.530936 0.015142 -0.000062 0.999885 
3.570145 0.016133 -0.000060 0.999870 
3.609354 0.017188 -0.000057 0.999852 
3.648562 0.018310 -0.000054 0.999832 
3.687771 0.019504 -0.000051 0.999810 
3.726980 0.020775 -0.000048 0.999784 
3.766188 0.022128 -0.000045 0.999755 
3.805397 0.023568 -0.000043 0.999722 
3.844606 0.025100 -0.000039 0.999685 
3.883814 0.026732 -0.000036 0.999643 
3.923023 0.028470 -0.000033 0.999595 
3.962231 0.030320 -0.000030 0.999540 
4.001440 0.032291 -0.000027 0.999479 
4.040649 0.034390 -0.000025 0.999408 
4.079857 0.036626 -0.000022 0.999329 
4.119066 0.039007 -0.000019 0.999239 
4.158275 0.041544 -0.000016 0.999137 
4.197483 0.044247 -0.000013 0.999021 
4.236692 0.047127 -0.000011 0.998889 
4.275900 0.050195 -0.000008 0.998739 
4.315109 0.053465 -0.000006 0.998570 
4.354318 0.056949 -0.000003 0.998377 
4.393526 0.060661 -0.000001 0.998158 
4.432735 0.064617 0.000001 0.997910 
4.471944 0.068833 0.000003 0.997628 
4.511152 0.073326 0.000005 0.997308 
4.550361 0.078115 0.000007 0.996944 
4.589569 0.083218 0.000009 0.996531 
4.628778 0.088657 0.000011 0.996062 
4.667987 0.094453 0.000012 0.995529 
4.707195 0.100630 0.000014 0.994924 
4.746404 0.107213 0.000015 0.994236 
4.785613 0.114228 0.000016 0.993455 
4.824821 0.121704 0.000018 0.992566 
4.864030 0.129669 0.000019 0.991557 
4.903238 0.138155 0.000020 0.990411 
4.942447 0.147196 0.000021 0.989107 
4.981656 0.156826 0.000022 0.987626 
5.020864 0.167082 0.000023 0.985943 
5.060073 0.178002 0.000024 0.984030 
5.099282 0.189627 0.000025 0.981856 
5.138490 0.201999 0.000025 0.979386 
5.177699 0.215161 0.000026 0.976579 
5.216907 0.229160 0.000027 0.973389 
5.256116 0.244040 0.000027 0.969765 
5.295325 0.259850 0.000028 0.965649 
5.334533 0.276638 0.000029 0.960974 
5.373742 0.294450 0.000029 0.955667 
5.412951 0.313335 0.000030 0.949643 
5.452159 0.333338 0.000030 0.942808 
5.491368 0.354501 0.000031 0.935056 
5.530576 0.376863 0.000031 0.926269 
5.569785 0.400457 0.000032 0.916316 
5.608994 0.425307 0.000032 0.905049 
5.648202 0.451430 0.000033 0.892307 
5.687411 0.478826 0.000033 0.877910 
5.726620 0.507481 0.000034 0.861663 
5.765828 0.537359 0.000034 0.843354 
5.805037 0.568401 0.000034 0.822752 
5.844246 0.600517 0.000034 0.799612 
5.883454 0.633581 0.000035 0.773676 
5.922663 0.667428 0.000035 0.744675 
5.961871 0.701843 0.000035 0.712332 
6.001080 0.736558 0.000035 0.676374 
6.040289 0.771249 0.000035 0.636534 
6.079497 0.805524 0.000035 0.592564 
6.118706 0.838924 0.000035 0.544248 
