0.237412 -0.068532 -0.000074 0.997649 
0.276620 -0.057389 -0.000079 0.998352 
0.315829 -0.048892 -0.000083 0.998804 
0.355038 -0.042194 -0.000087 0.999109 
0.394246 -0.036776 -0.000091 0.999324 
0.433455 -0.032303 -0.000095 0.999478 
0.472664 -0.028549 -0.000098 0.999592 
0.511872 -0.025354 -0.000101 0.999679 
0.551081 -0.022603 -0.000104 0.999745 
0.590289 -0.020211 -0.000106 0.999796 
0.629498 -0.018113 -0.000108 0.999836 
0.668707 -0.016259 -0.000109 0.999868 
0.707915 -0.014610 -0.000110 0.999893 
0.747124 -0.013133 -0.000110 0.999914 
0.786333 -0.011803 -0.000110 0.999930 
0.825541 -0.010600 -0.000110 0.999944 
0.864750 -0.009505 -0.000109 0.999955 
0.903958 -0.008505 -0.000108 0.999964 
0.943167 -0.007588 -0.000106 0.999971 
0.982376 -0.006742 -0.000104 0.999977 
1.021584 -0.005960 -0.000102 0.999982 
1.060793 -0.005232 -0.000099 0.999986 
1.100002 -0.004553 -0.000096 0.999990 
1.139210 -0.003917 -0.000093 0.999992 
1.178419 -0.003319 -0.000090 0.999994 
1.217627 -0.002753 -0.000086 0.999996 
1.256836 -0.002217 -0.000082 0.999998 
1.296045 -0.001705 -0.000079 0.999999 
1.335253 -0.001216 -0.000075 0.999999 
1.374462 -0.000746 -0.000071 1.000000 
1.413671 -0.000292 -0.000067 1.000000 
1.452879 0.000148 -0.000063 1.000000 
1.492088 0.000577 -0.000059 1.000000 
1.531296 0.000997 -0.000055 1.000000 
1.570505 0.001409 -0.000052 0.999999 
1.609714 0.001815 -0.000048 0.999998 
1.648922 0.002218 -0.000044 0.999998 
1.688131 0.002619 -0.000041 0.999997 
1.727340 0.003019 -0.000038 0.999995 
1.766548 0.003421 -0.000035 0.999994 
1.805757 0.003825 -0.000032 0.999993 
1.844966 0.004233 -0.000029 0.999991 
1.884174 0.004647 -0.000027 0.999989 
1.923383 0.005067 -0.000025 0.999987 
1.962591 0.005495 -0.000023 0.999985 
2.001800 0.005933 -0.000021 0.999982 
2.041009 0.006382 -0.000020 0.999980 
2.080217 0.006844 -0.000019 0.999977 
2.119426 0.007318 -0.000018 0.999973 
2.158635 0.007808 -0.000018 0.999970 
2.197843 0.008315 -0.000018 0.999965 
2.237052 0.008839 -0.000018 0.999961 
2.276260 0.009383 -0.000018 0.999956 
2.315469 0.009947 -0.000019 0.999951 
2.354678 0.010534 -0.000020 0.999945 
2.393886 0.011145 -0.000021 0.999938 
2.433095 0.011781 -0.000023 0.999931 
2.472304 0.012445 -0.000025 0.999923 
2.511512 0.013138 -0.000027 0.999914 
2.550721 0.013862 -0.000030 0.999904 
2.589929 0.014618 -0.000033 0.999893 
2.629138 0.015410 -0.000036 0.999881 
2.668347 0.016238 -0.000039 0.999868 
2.707555 0.017105 -0.000043 0.999854 
2.746764 0.018013 -0.000046 0.999838 
2.785973 0.018966 -0.000051 0.999820 
2.825181 0.019964 -0.000055 0.999801 
2.864390 0.021010 -0.000059 0.999779 
2.903598 0.022108 -0.000064 0.999756 
2.942807 0.023260 -0.000069 0.999729 
2.982016 0.024470 -0.000074 0.999701 
3.021224 0.025739 -0.000080 0.999669 
3.060433 0.027072 -0.000085 0.999633 
3.099642 0.028472 -0.000091 0.999595 
3.138850 0.029942 -0.000097 0.999552 
3.178059 0.031487 -0.000102 0.999504 
3.217267 0.033110 -0.000108 0.999452 
3.256476 0.034816 -0.000114 0.999394 
3.295685 0.036608 -0.000120 0.999330 
3.334893 0.038492 -0.000126 0.999259 
3.374102 0.040473 -0.000133 0.999181 
3.413311 0.042555 -0.000139 0.999094 
3.452519 0.044744 -0.000145 0.998998 
3.491728 0.047045 -0.000151 0.998893 
3.530936 0.049466 -0.000157 0.998776 
3.570145 0.052011 -0.000163 0.998647 
3.609354 0.054688 -0.000168 0.998503 
3.648562 0.057504 -0.000174 0.998345 
3.687771 0.060465 -0.000180 0.998170 
3.726980 0.063581 -0.000185 0.997977 
3.766188 0.066858 -0.000191 0.997762 
3.805397 0.070306 -0.000196 0.997525 
3.844606 0.073933 -0.000201 0.997263 
3.883814 0.077750 -0.000206 0.996973 
3.923023 0.081765 -0.000211 0.996652 
3.962231 0.085990 -0.000215 0.996296 
4.001440 0.090436 -0.000219 0.995902 
4.040649 0.095114 -0.000224 0.995466 
4.079857 0.100037 -0.000228 0.994984 
4.119066 0.105217 -0.000232 0.994449 
4.158275 0.110668 -0.000235 0.993857 
4.197483 0.116404 -0.000239 0.993202 
4.236692 0.122440 -0.000242 0.992476 
4.275900 0.128791 -0.000245 0.991672 
4.315109 0.135474 -0.000248 0.990781 
4.354318 0.142506 -0.000251 0.989794 
4.393526 0.149905 -0.000254 0.988700 
4.432735 0.157688 -0.000257 0.987489 
4.471944 0.165877 -0.000259 0.986146 
4.511152 0.174490 -0.000261 0.984659 
4.550361 0.183548 -0.000264 0.983011 
4.589569 0.193075 -0.000266 0.981184 
4.628778 0.203091 -0.000268 0.979160 
4.667987 0.213620 -0.000270 0.976917 
4.707195 0.224685 -0.000272 0.974431 
4.746404 0.236312 -0.000273 0.971677 
4.785613 0.248526 -0.000275 0.968625 
4.824821 0.261350 -0.000277 0.965244 
4.864030 0.274810 -0.000278 0.961498 
4.903238 0.288933 -0.000280 0.957349 
4.942447 0.303742 -0.000281 0.952754 
4.981656 0.319262 -0.000283 0.947666 
5.020864 0.335517 -0.000285 0.942034 
5.060073 0.352529 -0.000286 0.935801 
5.099282 0.370318 -0.000288 0.928905 
5.138490 0.388902 -0.000289 0.921279 
5.177699 0.408295 -0.000291 0.912850 
5.216907 0.428509 -0.000293 0.903538 
5.256116 0.449548 -0.000295 0.893256 
5.295325 0.471414 -0.000296 0.881912 
5.334533 0.494098 -0.000298 0.869406 
5.373742 0.517586 -0.000300 0.855631 
5.412951 0.541850 -0.000302 0.840475 
5.452159 0.566856 -0.000304 0.823817 
5.491368 0.592550 -0.000307 0.805533 
5.530576 0.618870 -0.000309 0.785494 
5.569785 0.645730 -0.000311 0.763565 
5.608994 0.673031 -0.000313 0.739614 
5.648202 0.700649 -0.000316 0.713506 
5.687411 0.728440 -0.000318 0.685109 
5.726620 0.756234 -0.000320 0.654301 
5.765828 0.783838 -0.000322 0.620966 
5.805037 0.811030 -0.000324 0.585004 
5.844246 0.837566 -0.000326 0.546335 
5.883454 0.863176 -0.000328 0.504903 
5.922663 0.887566 -0.000329 0.460681 
5.961871 0.910424 -0.000330 0.413676 
6.001080 0.931423 -0.000331 0.363937 
6.040289 0.950227 -0.000331 0.311557 
6.079497 0.966497 -0.000331 0.256678 
6.118706 0.979900 -0.000331 0.199491 
