0.237412 -0.074227 -0.000073 0.997241 
0.276620 -0.062175 -0.000077 0.998065 
0.315829 -0.052984 -0.000082 0.998595 
0.355038 -0.045739 -0.000086 0.998953 
0.394246 -0.039879 -0.000090 0.999205 
0.433455 -0.035043 -0.000094 0.999386 
0.472664 -0.030985 -0.000097 0.999520 
0.511872 -0.027534 -0.000100 0.999621 
0.551081 -0.024564 -0.000103 0.999698 
0.590289 -0.021984 -0.000105 0.999758 
0.629498 -0.019723 -0.000107 0.999805 
0.668707 -0.017726 -0.000108 0.999843 
0.707915 -0.015952 -0.000109 0.999873 
0.747124 -0.014365 -0.000109 0.999897 
0.786333 -0.012938 -0.000109 0.999916 
0.825541 -0.011649 -0.000108 0.999932 
0.864750 -0.010479 -0.000107 0.999945 
0.903958 -0.009412 -0.000106 0.999956 
0.943167 -0.008434 -0.000104 0.999964 
0.982376 -0.007535 -0.000102 0.999972 
1.021584 -0.006705 -0.000100 0.999978 
1.060793 -0.005935 -0.000097 0.999982 
1.100002 -0.005219 -0.000094 0.999986 
1.139210 -0.004550 -0.000091 0.999990 
1.178419 -0.003922 -0.000087 0.999992 
1.217627 -0.003331 -0.000084 0.999994 
1.256836 -0.002772 -0.000080 0.999996 
1.296045 -0.002241 -0.000076 0.999997 
1.335253 -0.001735 -0.000072 0.999998 
1.374462 -0.001250 -0.000068 0.999999 
1.413671 -0.000784 -0.000064 1.000000 
1.452879 -0.000334 -0.000060 1.000000 
1.492088 0.000102 -0.000056 1.000000 
1.531296 0.000528 -0.000052 1.000000 
1.570505 0.000944 -0.000048 1.000000 
1.609714 0.001353 -0.000044 0.999999 
1.648922 0.001756 -0.000040 0.999998 
1.688131 0.002156 -0.000037 0.999998 
1.727340 0.002554 -0.000033 0.999997 
1.766548 0.002952 -0.000030 0.999996 
1.805757 0.003351 -0.000027 0.999994 
1.844966 0.003753 -0.000025 0.999993 
1.884174 0.004159 -0.000022 0.999991 
1.923383 0.004570 -0.000020 0.999990 
1.962591 0.004988 -0.000018 0.999988 
2.001800 0.005415 -0.000016 0.999985 
2.041009 0.005851 -0.000015 0.999983 
2.080217 0.006298 -0.000014 0.999980 
2.119426 0.006758 -0.000013 0.999977 
2.158635 0.007232 -0.000012 0.999974 
2.197843 0.007720 -0.000012 0.999970 
2.237052 0.008226 -0.000012 0.999966 
2.276260 0.008749 -0.000012 0.999962 
2.315469 0.009292 -0.000013 0.999957 
2.354678 0.009856 -0.000014 0.999951 
2.393886 0.010443 -0.000015 0.999945 
2.433095 0.011054 -0.000017 0.999939 
2.472304 0.011691 -0.000018 0.999932 
2.511512 0.012356 -0.000020 0.999924 
2.550721 0.013050 -0.000023 0.999915 
2.589929 0.013776 -0.000025 0.999905 
2.629138 0.014534 -0.000028 0.999894 
2.668347 0.015328 -0.000032 0.999883 
2.707555 0.016160 -0.000035 0.999869 
2.746764 0.017030 -0.000039 0.999855 
2.785973 0.017943 -0.000043 0.999839 
2.825181 0.018900 -0.000047 0.999821 
2.864390 0.019904 -0.000051 0.999802 
2.903598 0.020957 -0.000056 0.999780 
2.942807 0.022062 -0.000061 0.999757 
2.982016 0.023222 -0.000066 0.999730 
3.021224 0.024440 -0.000071 0.999701 
3.060433 0.025720 -0.000076 0.999669 
3.099642 0.027064 -0.000082 0.999634 
3.138850 0.028476 -0.000087 0.999594 
3.178059 0.029959 -0.000093 0.999551 
3.217267 0.031519 -0.000099 0.999503 
3.256476 0.033158 -0.000104 0.999450 
3.295685 0.034882 -0.000110 0.999391 
3.334893 0.036694 -0.000116 0.999327 
3.374102 0.038599 -0.000122 0.999255 
3.413311 0.040603 -0.000128 0.999175 
3.452519 0.042710 -0.000134 0.999087 
3.491728 0.044927 -0.000140 0.998990 
3.530936 0.047259 -0.000145 0.998883 
3.570145 0.049712 -0.000151 0.998764 
3.609354 0.052292 -0.000157 0.998632 
3.648562 0.055008 -0.000162 0.998486 
3.687771 0.057865 -0.000167 0.998324 
3.726980 0.060872 -0.000172 0.998146 
3.766188 0.064036 -0.000178 0.997948 
3.805397 0.067366 -0.000182 0.997728 
3.844606 0.070871 -0.000187 0.997485 
3.883814 0.074560 -0.000192 0.997216 
3.923023 0.078443 -0.000196 0.996919 
3.962231 0.082530 -0.000200 0.996589 
4.001440 0.086832 -0.000204 0.996223 
4.040649 0.091361 -0.000208 0.995818 
4.079857 0.096129 -0.000212 0.995369 
4.119066 0.101147 -0.000215 0.994871 
4.158275 0.106431 -0.000219 0.994320 
4.197483 0.111993 -0.000222 0.993709 
4.236692 0.117848 -0.000225 0.993032 
4.275900 0.124012 -0.000227 0.992281 
4.315109 0.130500 -0.000230 0.991448 
4.354318 0.137330 -0.000232 0.990525 
4.393526 0.144519 -0.000234 0.989502 
4.432735 0.152086 -0.000237 0.988367 
4.471944 0.160050 -0.000238 0.987109 
4.511152 0.168431 -0.000240 0.985713 
4.550361 0.177250 -0.000242 0.984166 
4.589569 0.186528 -0.000243 0.982450 
4.628778 0.196289 -0.000245 0.980546 
4.667987 0.206555 -0.000246 0.978435 
4.707195 0.217350 -0.000247 0.976094 
4.746404 0.228699 -0.000248 0.973497 
4.785613 0.240626 -0.000250 0.970618 
4.824821 0.253159 -0.000251 0.967425 
4.864030 0.266321 -0.000251 0.963884 
4.903238 0.280139 -0.000252 0.959959 
4.942447 0.294640 -0.000253 0.955608 
4.981656 0.309847 -0.000254 0.950786 
5.020864 0.325787 -0.000255 0.945443 
5.060073 0.342482 -0.000256 0.939524 
5.099282 0.359955 -0.000257 0.932970 
5.138490 0.378224 -0.000257 0.925714 
5.177699 0.397308 -0.000258 0.917685 
5.216907 0.417220 -0.000259 0.908806 
5.256116 0.437968 -0.000260 0.898991 
5.295325 0.459555 -0.000261 0.888149 
5.334533 0.481979 -0.000262 0.876183 
5.373742 0.505229 -0.000264 0.862985 
5.412951 0.529283 -0.000265 0.848445 
5.452159 0.554110 -0.000266 0.832443 
5.491368 0.579666 -0.000268 0.814854 
5.530576 0.605891 -0.000269 0.795547 
5.569785 0.632711 -0.000271 0.774388 
5.608994 0.660031 -0.000272 0.751238 
5.648202 0.687736 -0.000274 0.725961 
5.687411 0.715689 -0.000275 0.698419 
5.726620 0.743729 -0.000277 0.668482 
5.765828 0.771668 -0.000278 0.636025 
5.805037 0.799294 -0.000280 0.600940 
5.844246 0.826366 -0.000281 0.563133 
5.883454 0.852619 -0.000282 0.522534 
5.922663 0.877760 -0.000283 0.479100 
5.961871 0.901479 -0.000284 0.432822 
6.001080 0.923445 -0.000285 0.383732 
6.040289 0.943313 -0.000285 0.331903 
6.079497 0.960737 -0.000285 0.277459 
6.118706 0.975370 -0.000284 0.220574 
