0.237412 -0.055502 -0.000077 0.998459 
0.276620 -0.046433 -0.000081 0.998921 
0.315829 -0.039518 -0.000086 0.999219 
0.355038 -0.034065 -0.000090 0.999420 
0.394246 -0.029652 -0.000094 0.999560 
0.433455 -0.026006 -0.000098 0.999662 
0.472664 -0.022942 -0.000102 0.999737 
0.511872 -0.020330 -0.000105 0.999793 
0.551081 -0.018077 -0.000107 0.999837 
0.590289 -0.016114 -0.000110 0.999870 
0.629498 -0.014388 -0.000111 0.999896 
0.668707 -0.012859 -0.000113 0.999917 
0.707915 -0.011493 -0.000114 0.999934 
0.747124 -0.010267 -0.000114 0.999947 
0.786333 -0.009158 -0.000114 0.999958 
0.825541 -0.008151 -0.000114 0.999967 
0.864750 -0.007231 -0.000113 0.999974 
0.903958 -0.006386 -0.000112 0.999980 
0.943167 -0.005606 -0.000110 0.999984 
0.982376 -0.004883 -0.000109 0.999988 
1.021584 -0.004210 -0.000107 0.999991 
1.060793 -0.003579 -0.000104 0.999994 
1.100002 -0.002987 -0.000102 0.999996 
1.139210 -0.002428 -0.000099 0.999997 
1.178419 -0.001897 -0.000096 0.999998 
1.217627 -0.001391 -0.000092 0.999999 
1.256836 -0.000907 -0.000089 1.000000 
1.296045 -0.000442 -0.000086 1.000000 
1.335253 0.000008 -0.000082 1.000000 
1.374462 0.000445 -0.000079 1.000000 
1.413671 0.000870 -0.000075 1.000000 
1.452879 0.001287 -0.000071 0.999999 
1.492088 0.001697 -0.000068 0.999999 
1.531296 0.002102 -0.000064 0.999998 
1.570505 0.002504 -0.000061 0.999997 
1.609714 0.002904 -0.000058 0.999996 
1.648922 0.003304 -0.000055 0.999995 
1.688131 0.003705 -0.000052 0.999993 
1.727340 0.004110 -0.000049 0.999992 
1.766548 0.004519 -0.000046 0.999990 
1.805757 0.004933 -0.000044 0.999988 
1.844966 0.005355 -0.000041 0.999986 
1.884174 0.005785 -0.000039 0.999983 
1.923383 0.006225 -0.000038 0.999981 
1.962591 0.006676 -0.000036 0.999978 
2.001800 0.007139 -0.000035 0.999975 
2.041009 0.007616 -0.000034 0.999971 
2.080217 0.008108 -0.000033 0.999967 
2.119426 0.008617 -0.000033 0.999963 
2.158635 0.009143 -0.000033 0.999958 
2.197843 0.009689 -0.000033 0.999953 
2.237052 0.010255 -0.000033 0.999947 
2.276260 0.010844 -0.000034 0.999941 
2.315469 0.011456 -0.000035 0.999934 
2.354678 0.012094 -0.000037 0.999927 
2.393886 0.012759 -0.000038 0.999919 
2.433095 0.013452 -0.000040 0.999910 
2.472304 0.014176 -0.000043 0.999900 
2.511512 0.014932 -0.000045 0.999889 
2.550721 0.015723 -0.000048 0.999876 
2.589929 0.016549 -0.000051 0.999863 
2.629138 0.017414 -0.000055 0.999848 
2.668347 0.018320 -0.000058 0.999832 
2.707555 0.019268 -0.000062 0.999814 
2.746764 0.020261 -0.000067 0.999795 
2.785973 0.021302 -0.000071 0.999773 
2.825181 0.022393 -0.000076 0.999749 
2.864390 0.023537 -0.000081 0.999723 
2.903598 0.024736 -0.000086 0.999694 
2.942807 0.025994 -0.000091 0.999662 
2.982016 0.027315 -0.000097 0.999627 
3.021224 0.028700 -0.000103 0.999588 
3.060433 0.030154 -0.000109 0.999545 
3.099642 0.031680 -0.000115 0.999498 
3.138850 0.033282 -0.000121 0.999446 
3.178059 0.034964 -0.000127 0.999389 
3.217267 0.036730 -0.000134 0.999325 
3.256476 0.038585 -0.000140 0.999255 
3.295685 0.040534 -0.000147 0.999178 
3.334893 0.042580 -0.000154 0.999093 
3.374102 0.044730 -0.000160 0.998999 
3.413311 0.046989 -0.000167 0.998895 
3.452519 0.049362 -0.000173 0.998781 
3.491728 0.051856 -0.000180 0.998655 
3.530936 0.054476 -0.000187 0.998515 
3.570145 0.057230 -0.000193 0.998361 
3.609354 0.060124 -0.000200 0.998191 
3.648562 0.063166 -0.000206 0.998003 
3.687771 0.066363 -0.000213 0.997796 
3.726980 0.069724 -0.000219 0.997566 
3.766188 0.073256 -0.000225 0.997313 
3.805397 0.076970 -0.000231 0.997033 
3.844606 0.080874 -0.000237 0.996724 
3.883814 0.084979 -0.000243 0.996383 
3.923023 0.089294 -0.000249 0.996005 
3.962231 0.093831 -0.000254 0.995588 
4.001440 0.098601 -0.000259 0.995127 
4.040649 0.103617 -0.000265 0.994617 
4.079857 0.108890 -0.000270 0.994054 
4.119066 0.114435 -0.000275 0.993431 
4.158275 0.120265 -0.000280 0.992742 
4.197483 0.126394 -0.000284 0.991980 
4.236692 0.132838 -0.000289 0.991138 
4.275900 0.139614 -0.000293 0.990206 
4.315109 0.146737 -0.000298 0.989176 
4.354318 0.154225 -0.000302 0.988036 
4.393526 0.162096 -0.000306 0.986775 
4.432735 0.170369 -0.000310 0.985380 
4.471944 0.179064 -0.000314 0.983837 
4.511152 0.188201 -0.000318 0.982130 
4.550361 0.197802 -0.000322 0.980242 
4.589569 0.207887 -0.000325 0.978153 
4.628778 0.218479 -0.000329 0.975842 
4.667987 0.229602 -0.000332 0.973285 
4.707195 0.241278 -0.000336 0.970456 
4.746404 0.253532 -0.000340 0.967327 
4.785613 0.266388 -0.000343 0.963866 
4.824821 0.279869 -0.000346 0.960038 
4.864030 0.294000 -0.000350 0.955805 
4.903238 0.308805 -0.000353 0.951125 
4.942447 0.324306 -0.000357 0.945952 
4.981656 0.340526 -0.000360 0.940235 
5.020864 0.357486 -0.000364 0.933918 
5.060073 0.375203 -0.000368 0.926942 
5.099282 0.393695 -0.000371 0.919241 
5.138490 0.412974 -0.000375 0.910743 
5.177699 0.433050 -0.000379 0.901370 
5.216907 0.453926 -0.000383 0.891039 
5.256116 0.475602 -0.000387 0.879661 
5.295325 0.498069 -0.000391 0.867138 
5.334533 0.521309 -0.000395 0.853368 
5.373742 0.545298 -0.000399 0.838242 
5.412951 0.569998 -0.000403 0.821646 
5.452159 0.595357 -0.000407 0.803461 
5.491368 0.621313 -0.000412 0.783562 
5.530576 0.647783 -0.000416 0.761824 
5.569785 0.674670 -0.000420 0.738119 
5.608994 0.701855 -0.000424 0.712320 
5.648202 0.729198 -0.000429 0.684303 
5.687411 0.756536 -0.000433 0.653952 
5.726620 0.783684 -0.000437 0.621159 
5.765828 0.810433 -0.000441 0.585832 
5.805037 0.836547 -0.000444 0.547894 
5.844246 0.861772 -0.000447 0.507295 
5.883454 0.885830 -0.000450 0.464010 
5.922663 0.908425 -0.000453 0.418048 
5.961871 0.929248 -0.000454 0.369456 
6.001080 0.947983 -0.000456 0.318321 
6.040289 0.964310 -0.000456 0.264776 
6.079497 0.977915 -0.000456 0.209002 
6.118706 0.988499 -0.000456 0.151227 
