0.237412 -0.084380 -0.000071 0.996434 
0.276620 -0.070705 -0.000075 0.997497 
0.315829 -0.060271 -0.000080 0.998182 
0.355038 -0.052044 -0.000084 0.998645 
0.394246 -0.045393 -0.000088 0.998969 
0.433455 -0.039905 -0.000092 0.999203 
0.472664 -0.035303 -0.000095 0.999377 
0.511872 -0.031391 -0.000098 0.999507 
0.551081 -0.028029 -0.000100 0.999607 
0.590289 -0.025111 -0.000102 0.999685 
0.629498 -0.022557 -0.000104 0.999746 
0.668707 -0.020306 -0.000105 0.999794 
0.707915 -0.018308 -0.000106 0.999832 
0.747124 -0.016525 -0.000106 0.999863 
0.786333 -0.014925 -0.000106 0.999889 
0.825541 -0.013483 -0.000105 0.999909 
0.864750 -0.012177 -0.000104 0.999926 
0.903958 -0.010990 -0.000103 0.999940 
0.943167 -0.009905 -0.000101 0.999951 
0.982376 -0.008911 -0.000099 0.999960 
1.021584 -0.007997 -0.000096 0.999968 
1.060793 -0.007153 -0.000093 0.999974 
1.100002 -0.006371 -0.000090 0.999980 
1.139210 -0.005643 -0.000087 0.999984 
1.178419 -0.004964 -0.000083 0.999988 
1.217627 -0.004327 -0.000079 0.999991 
1.256836 -0.003729 -0.000075 0.999993 
1.296045 -0.003164 -0.000071 0.999995 
1.335253 -0.002629 -0.000067 0.999997 
1.374462 -0.002119 -0.000062 0.999998 
1.413671 -0.001633 -0.000058 0.999999 
1.452879 -0.001166 -0.000054 0.999999 
1.492088 -0.000716 -0.000050 1.000000 
1.531296 -0.000281 -0.000045 1.000000 
1.570505 0.000141 -0.000041 1.000000 
1.609714 0.000554 -0.000037 1.000000 
1.648922 0.000958 -0.000034 1.000000 
1.688131 0.001356 -0.000030 0.999999 
1.727340 0.001749 -0.000026 0.999998 
1.766548 0.002140 -0.000023 0.999998 
1.805757 0.002529 -0.000020 0.999997 
1.844966 0.002918 -0.000017 0.999996 
1.884174 0.003310 -0.000014 0.999995 
1.923383 0.003704 -0.000012 0.999993 
1.962591 0.004104 -0.000010 0.999992 
2.001800 0.004509 -0.000008 0.999990 
2.041009 0.004922 -0.000006 0.999988 
2.080217 0.005344 -0.000005 0.999986 
2.119426 0.005776 -0.000004 0.999983 
2.158635 0.006220 -0.000003 0.999981 
2.197843 0.006676 -0.000003 0.999978 
2.237052 0.007148 -0.000003 0.999974 
2.276260 0.007635 -0.000003 0.999971 
2.315469 0.008139 -0.000003 0.999967 
2.354678 0.008662 -0.000004 0.999962 
2.393886 0.009205 -0.000005 0.999958 
2.433095 0.009771 -0.000006 0.999952 
2.472304 0.010359 -0.000008 0.999946 
2.511512 0.010973 -0.000010 0.999940 
2.550721 0.011614 -0.000012 0.999933 
2.589929 0.012283 -0.000014 0.999925 
2.629138 0.012983 -0.000017 0.999916 
2.668347 0.013715 -0.000020 0.999906 
2.707555 0.014482 -0.000023 0.999895 
2.746764 0.015285 -0.000027 0.999883 
2.785973 0.016127 -0.000030 0.999870 
2.825181 0.017010 -0.000034 0.999855 
2.864390 0.017936 -0.000038 0.999839 
2.903598 0.018908 -0.000043 0.999821 
2.942807 0.019928 -0.000047 0.999801 
2.982016 0.021000 -0.000052 0.999779 
3.021224 0.022126 -0.000057 0.999755 
3.060433 0.023309 -0.000062 0.999728 
3.099642 0.024552 -0.000067 0.999699 
3.138850 0.025859 -0.000072 0.999666 
3.178059 0.027233 -0.000078 0.999629 
3.217267 0.028679 -0.000083 0.999589 
3.256476 0.030199 -0.000089 0.999544 
3.295685 0.031798 -0.000094 0.999494 
3.334893 0.033480 -0.000100 0.999439 
3.374102 0.035250 -0.000105 0.999379 
3.413311 0.037113 -0.000111 0.999311 
3.452519 0.039073 -0.000116 0.999236 
3.491728 0.041137 -0.000122 0.999154 
3.530936 0.043309 -0.000127 0.999062 
3.570145 0.045595 -0.000132 0.998960 
3.609354 0.048003 -0.000137 0.998847 
3.648562 0.050538 -0.000142 0.998722 
3.687771 0.053207 -0.000147 0.998583 
3.726980 0.056018 -0.000152 0.998430 
3.766188 0.058979 -0.000157 0.998259 
3.805397 0.062097 -0.000161 0.998070 
3.844606 0.065380 -0.000165 0.997860 
3.883814 0.068839 -0.000169 0.997628 
3.923023 0.072483 -0.000173 0.997370 
3.962231 0.076321 -0.000177 0.997083 
4.001440 0.080364 -0.000180 0.996766 
4.040649 0.084624 -0.000183 0.996413 
4.079857 0.089111 -0.000186 0.996022 
4.119066 0.093839 -0.000189 0.995587 
4.158275 0.098820 -0.000192 0.995105 
4.197483 0.104068 -0.000194 0.994570 
4.236692 0.109597 -0.000196 0.993976 
4.275900 0.115422 -0.000198 0.993317 
4.315109 0.121559 -0.000200 0.992584 
4.354318 0.128025 -0.000202 0.991771 
4.393526 0.134837 -0.000203 0.990868 
4.432735 0.142012 -0.000204 0.989865 
4.471944 0.149571 -0.000206 0.988751 
4.511152 0.157533 -0.000206 0.987514 
4.550361 0.165919 -0.000207 0.986139 
4.589569 0.174750 -0.000208 0.984613 
4.628778 0.184049 -0.000208 0.982917 
4.667987 0.193839 -0.000209 0.981033 
4.707195 0.204145 -0.000209 0.978941 
4.746404 0.214990 -0.000209 0.976616 
4.785613 0.226401 -0.000209 0.974034 
4.824821 0.238404 -0.000209 0.971166 
4.864030 0.251025 -0.000209 0.967980 
4.903238 0.264292 -0.000209 0.964443 
4.942447 0.278231 -0.000209 0.960514 
4.981656 0.292870 -0.000208 0.956152 
5.020864 0.308234 -0.000208 0.951310 
5.060073 0.324351 -0.000208 0.945937 
5.099282 0.341245 -0.000208 0.939975 
5.138490 0.358938 -0.000207 0.933361 
5.177699 0.377452 -0.000207 0.926029 
5.216907 0.396804 -0.000207 0.917903 
5.256116 0.417009 -0.000207 0.908902 
5.295325 0.438076 -0.000206 0.898938 
5.334533 0.460009 -0.000206 0.887914 
5.373742 0.482805 -0.000206 0.875728 
5.412951 0.506450 -0.000206 0.862269 
5.452159 0.530925 -0.000206 0.847419 
5.491368 0.556194 -0.000207 0.831053 
5.530576 0.582211 -0.000207 0.813038 
5.569785 0.608912 -0.000207 0.793238 
5.608994 0.636217 -0.000208 0.771510 
5.648202 0.664025 -0.000208 0.747710 
5.687411 0.692213 -0.000209 0.721693 
5.726620 0.720635 -0.000209 0.693315 
5.765828 0.749116 -0.000210 0.662439 
5.805037 0.777457 -0.000210 0.628936 
5.844246 0.805429 -0.000211 0.592693 
5.883454 0.832774 -0.000212 0.553614 
5.922663 0.859206 -0.000212 0.511629 
5.961871 0.884415 -0.000212 0.466700 
6.001080 0.908067 -0.000213 0.418824 
6.040289 0.929809 -0.000213 0.368042 
6.079497 0.949277 -0.000213 0.314442 
6.118706 0.966101 -0.000212 0.258166 
