0.237412 -0.093235 -0.000069 0.995644 
0.276620 -0.078137 -0.000073 0.996943 
0.315829 -0.066611 -0.000077 0.997779 
0.355038 -0.057523 -0.000082 0.998344 
0.394246 -0.050175 -0.000085 0.998740 
0.433455 -0.044113 -0.000089 0.999027 
0.472664 -0.039033 -0.000092 0.999238 
0.511872 -0.034717 -0.000095 0.999397 
0.551081 -0.031010 -0.000098 0.999519 
0.590289 -0.027795 -0.000100 0.999614 
0.629498 -0.024984 -0.000101 0.999688 
0.668707 -0.022509 -0.000102 0.999747 
0.707915 -0.020316 -0.000103 0.999794 
0.747124 -0.018361 -0.000103 0.999831 
0.786333 -0.016610 -0.000103 0.999862 
0.825541 -0.015034 -0.000102 0.999887 
0.864750 -0.013610 -0.000101 0.999907 
0.903958 -0.012318 -0.000099 0.999924 
0.943167 -0.011141 -0.000097 0.999938 
0.982376 -0.010065 -0.000095 0.999949 
1.021584 -0.009078 -0.000092 0.999959 
1.060793 -0.008169 -0.000089 0.999967 
1.100002 -0.007330 -0.000086 0.999973 
1.139210 -0.006552 -0.000082 0.999979 
1.178419 -0.005829 -0.000079 0.999983 
1.217627 -0.005154 -0.000075 0.999987 
1.256836 -0.004522 -0.000070 0.999990 
1.296045 -0.003929 -0.000066 0.999992 
1.335253 -0.003369 -0.000062 0.999994 
1.374462 -0.002839 -0.000058 0.999996 
1.413671 -0.002335 -0.000053 0.999997 
1.452879 -0.001855 -0.000049 0.999998 
1.492088 -0.001395 -0.000044 0.999999 
1.531296 -0.000952 -0.000040 1.000000 
1.570505 -0.000525 -0.000036 1.000000 
1.609714 -0.000110 -0.000032 1.000000 
1.648922 0.000294 -0.000028 1.000000 
1.688131 0.000689 -0.000024 1.000000 
1.727340 0.001078 -0.000020 0.999999 
1.766548 0.001461 -0.000017 0.999999 
1.805757 0.001841 -0.000014 0.999998 
1.844966 0.002219 -0.000011 0.999998 
1.884174 0.002598 -0.000008 0.999997 
1.923383 0.002977 -0.000006 0.999996 
1.962591 0.003359 -0.000003 0.999994 
2.001800 0.003746 -0.000001 0.999993 
2.041009 0.004138 0.000000 0.999991 
2.080217 0.004537 0.000002 0.999990 
2.119426 0.004944 0.000003 0.999988 
2.158635 0.005361 0.000004 0.999986 
2.197843 0.005790 0.000004 0.999983 
2.237052 0.006230 0.000004 0.999981 
2.276260 0.006685 0.000004 0.999978 
2.315469 0.007155 0.000004 0.999974 
2.354678 0.007642 0.000003 0.999971 
2.393886 0.008147 0.000003 0.999967 
2.433095 0.008672 0.000001 0.999962 
2.472304 0.009218 -0.000000 0.999958 
2.511512 0.009787 -0.000002 0.999952 
2.550721 0.010381 -0.000004 0.999946 
2.589929 0.011001 -0.000006 0.999939 
2.629138 0.011649 -0.000009 0.999932 
2.668347 0.012326 -0.000012 0.999924 
2.707555 0.013036 -0.000015 0.999915 
2.746764 0.013780 -0.000018 0.999905 
2.785973 0.014559 -0.000021 0.999894 
2.825181 0.015377 -0.000025 0.999882 
2.864390 0.016234 -0.000029 0.999868 
2.903598 0.017135 -0.000033 0.999853 
2.942807 0.018081 -0.000038 0.999837 
2.982016 0.019075 -0.000042 0.999818 
3.021224 0.020119 -0.000047 0.999798 
3.060433 0.021218 -0.000052 0.999775 
3.099642 0.022372 -0.000056 0.999750 
3.138850 0.023587 -0.000061 0.999722 
3.178059 0.024864 -0.000067 0.999691 
3.217267 0.026209 -0.000072 0.999656 
3.256476 0.027624 -0.000077 0.999618 
3.295685 0.029113 -0.000082 0.999576 
3.334893 0.030681 -0.000087 0.999529 
3.374102 0.032332 -0.000093 0.999477 
3.413311 0.034070 -0.000098 0.999419 
3.452519 0.035901 -0.000103 0.999355 
3.491728 0.037830 -0.000108 0.999284 
3.530936 0.039861 -0.000113 0.999205 
3.570145 0.042001 -0.000118 0.999118 
3.609354 0.044256 -0.000123 0.999020 
3.648562 0.046631 -0.000127 0.998912 
3.687771 0.049135 -0.000132 0.998792 
3.726980 0.051773 -0.000136 0.998659 
3.766188 0.054553 -0.000140 0.998511 
3.805397 0.057483 -0.000144 0.998346 
3.844606 0.060572 -0.000148 0.998164 
3.883814 0.063828 -0.000152 0.997961 
3.923023 0.067260 -0.000155 0.997735 
3.962231 0.070878 -0.000158 0.997485 
4.001440 0.074692 -0.000161 0.997207 
4.040649 0.078714 -0.000164 0.996897 
4.079857 0.082954 -0.000167 0.996553 
4.119066 0.087424 -0.000169 0.996171 
4.158275 0.092137 -0.000171 0.995746 
4.197483 0.097107 -0.000173 0.995274 
4.236692 0.102348 -0.000174 0.994749 
4.275900 0.107873 -0.000176 0.994165 
4.315109 0.113699 -0.000177 0.993515 
4.354318 0.119842 -0.000178 0.992793 
4.393526 0.126320 -0.000179 0.991990 
4.432735 0.133149 -0.000180 0.991096 
4.471944 0.140349 -0.000180 0.990102 
4.511152 0.147939 -0.000180 0.988996 
4.550361 0.155941 -0.000181 0.987766 
4.589569 0.164375 -0.000180 0.986398 
4.628778 0.173264 -0.000180 0.984875 
4.667987 0.182632 -0.000180 0.983181 
4.707195 0.192502 -0.000180 0.981297 
4.746404 0.202900 -0.000179 0.979200 
4.785613 0.213851 -0.000178 0.976866 
4.824821 0.225382 -0.000177 0.974270 
4.864030 0.237521 -0.000177 0.971382 
4.903238 0.250295 -0.000176 0.968170 
4.942447 0.263733 -0.000175 0.964596 
4.981656 0.277862 -0.000174 0.960621 
5.020864 0.292710 -0.000173 0.956201 
5.060073 0.308307 -0.000171 0.951287 
5.099282 0.324678 -0.000170 0.945825 
5.138490 0.341849 -0.000169 0.939755 
5.177699 0.359846 -0.000168 0.933012 
5.216907 0.378688 -0.000167 0.925524 
5.256116 0.398395 -0.000166 0.917214 
5.295325 0.418982 -0.000165 0.907995 
5.334533 0.440457 -0.000164 0.897774 
5.373742 0.462824 -0.000163 0.886450 
5.412951 0.486078 -0.000162 0.873915 
5.452159 0.510206 -0.000162 0.860052 
5.491368 0.535183 -0.000161 0.844736 
5.530576 0.560972 -0.000160 0.827835 
5.569785 0.587522 -0.000160 0.809208 
5.608994 0.614762 -0.000159 0.788713 
5.648202 0.642605 -0.000159 0.766197 
5.687411 0.670941 -0.000159 0.741511 
5.726620 0.699636 -0.000159 0.714500 
5.765828 0.728529 -0.000159 0.685015 
5.805037 0.757432 -0.000159 0.652913 
5.844246 0.786128 -0.000159 0.618063 
5.883454 0.814368 -0.000159 0.580348 
5.922663 0.841874 -0.000159 0.539674 
5.961871 0.868336 -0.000159 0.495976 
6.001080 0.893421 -0.000159 0.449221 
6.040289 0.916768 -0.000159 0.399420 
6.079497 0.938002 -0.000159 0.346629 
6.118706 0.956735 -0.000158 0.290960 
