0.237412 -0.079489 -0.000072 0.996836 
0.276620 -0.066597 -0.000076 0.997780 
0.315829 -0.056762 -0.000081 0.998388 
0.355038 -0.049009 -0.000085 0.998798 
0.394246 -0.042740 -0.000089 0.999086 
0.433455 -0.037567 -0.000093 0.999294 
0.472664 -0.033227 -0.000096 0.999448 
0.511872 -0.029538 -0.000099 0.999564 
0.551081 -0.026366 -0.000102 0.999652 
0.590289 -0.023611 -0.000104 0.999721 
0.629498 -0.021198 -0.000105 0.999775 
0.668707 -0.019069 -0.000107 0.999818 
0.707915 -0.017179 -0.000107 0.999852 
0.747124 -0.015491 -0.000108 0.999880 
0.786333 -0.013975 -0.000107 0.999902 
0.825541 -0.012606 -0.000107 0.999921 
0.864750 -0.011366 -0.000106 0.999935 
0.903958 -0.010236 -0.000104 0.999948 
0.943167 -0.009203 -0.000103 0.999958 
0.982376 -0.008255 -0.000100 0.999966 
1.021584 -0.007381 -0.000098 0.999973 
1.060793 -0.006573 -0.000095 0.999978 
1.100002 -0.005822 -0.000092 0.999983 
1.139210 -0.005122 -0.000089 0.999987 
1.178419 -0.004468 -0.000085 0.999990 
1.217627 -0.003853 -0.000081 0.999993 
1.256836 -0.003274 -0.000077 0.999995 
1.296045 -0.002725 -0.000073 0.999996 
1.335253 -0.002204 -0.000069 0.999998 
1.374462 -0.001706 -0.000065 0.999999 
1.413671 -0.001229 -0.000061 0.999999 
1.452879 -0.000770 -0.000057 1.000000 
1.492088 -0.000327 -0.000053 1.000000 
1.531296 0.000103 -0.000048 1.000000 
1.570505 0.000523 -0.000044 1.000000 
1.609714 0.000934 -0.000041 1.000000 
1.648922 0.001338 -0.000037 0.999999 
1.688131 0.001737 -0.000033 0.999998 
1.727340 0.002133 -0.000030 0.999998 
1.766548 0.002527 -0.000026 0.999997 
1.805757 0.002921 -0.000023 0.999996 
1.844966 0.003316 -0.000021 0.999995 
1.884174 0.003715 -0.000018 0.999993 
1.923383 0.004118 -0.000016 0.999992 
1.962591 0.004526 -0.000014 0.999990 
2.001800 0.004942 -0.000012 0.999988 
2.041009 0.005366 -0.000010 0.999986 
2.080217 0.005800 -0.000009 0.999983 
2.119426 0.006246 -0.000008 0.999980 
2.158635 0.006704 -0.000007 0.999978 
2.197843 0.007176 -0.000007 0.999974 
2.237052 0.007664 -0.000007 0.999971 
2.276260 0.008169 -0.000007 0.999967 
2.315469 0.008692 -0.000008 0.999962 
2.354678 0.009235 -0.000008 0.999957 
2.393886 0.009799 -0.000010 0.999952 
2.433095 0.010387 -0.000011 0.999946 
2.472304 0.010999 -0.000013 0.999940 
2.511512 0.011637 -0.000015 0.999932 
2.550721 0.012304 -0.000017 0.999924 
2.589929 0.013000 -0.000019 0.999915 
2.629138 0.013728 -0.000022 0.999906 
2.668347 0.014490 -0.000025 0.999895 
2.707555 0.015288 -0.000029 0.999883 
2.746764 0.016124 -0.000032 0.999870 
2.785973 0.017000 -0.000036 0.999855 
2.825181 0.017919 -0.000040 0.999839 
2.864390 0.018882 -0.000044 0.999822 
2.903598 0.019894 -0.000049 0.999802 
2.942807 0.020955 -0.000054 0.999780 
2.982016 0.022069 -0.000058 0.999756 
3.021224 0.023240 -0.000063 0.999730 
3.060433 0.024469 -0.000069 0.999701 
3.099642 0.025761 -0.000074 0.999668 
3.138850 0.027119 -0.000079 0.999632 
3.178059 0.028546 -0.000085 0.999592 
3.217267 0.030047 -0.000090 0.999548 
3.256476 0.031624 -0.000096 0.999500 
3.295685 0.033283 -0.000102 0.999446 
3.334893 0.035028 -0.000107 0.999386 
3.374102 0.036864 -0.000113 0.999320 
3.413311 0.038795 -0.000119 0.999247 
3.452519 0.040826 -0.000124 0.999166 
3.491728 0.042964 -0.000130 0.999077 
3.530936 0.045213 -0.000136 0.998977 
3.570145 0.047580 -0.000141 0.998867 
3.609354 0.050072 -0.000146 0.998746 
3.648562 0.052694 -0.000151 0.998611 
3.687771 0.055454 -0.000157 0.998461 
3.726980 0.058360 -0.000162 0.998296 
3.766188 0.061419 -0.000166 0.998112 
3.805397 0.064639 -0.000171 0.997909 
3.844606 0.068030 -0.000175 0.997683 
3.883814 0.071600 -0.000180 0.997433 
3.923023 0.075359 -0.000184 0.997156 
3.962231 0.079318 -0.000188 0.996849 
4.001440 0.083486 -0.000191 0.996509 
4.040649 0.087876 -0.000195 0.996131 
4.079857 0.092499 -0.000198 0.995713 
4.119066 0.097367 -0.000201 0.995248 
4.158275 0.102495 -0.000204 0.994734 
4.197483 0.107894 -0.000207 0.994162 
4.236692 0.113581 -0.000209 0.993529 
4.275900 0.119570 -0.000212 0.992826 
4.315109 0.125877 -0.000214 0.992046 
4.354318 0.132519 -0.000216 0.991180 
4.393526 0.139513 -0.000218 0.990220 
4.432735 0.146878 -0.000219 0.989155 
4.471944 0.154633 -0.000221 0.987972 
4.511152 0.162798 -0.000222 0.986659 
4.550361 0.171393 -0.000223 0.985203 
4.589569 0.180441 -0.000224 0.983586 
4.628778 0.189963 -0.000225 0.981791 
4.667987 0.199983 -0.000226 0.979799 
4.707195 0.210526 -0.000227 0.977588 
4.746404 0.221615 -0.000227 0.975134 
4.785613 0.233276 -0.000228 0.972410 
4.824821 0.245536 -0.000228 0.969388 
4.864030 0.258419 -0.000229 0.966033 
4.903238 0.271953 -0.000229 0.962310 
4.942447 0.286165 -0.000229 0.958180 
4.981656 0.301079 -0.000230 0.953599 
5.020864 0.316723 -0.000230 0.948518 
5.060073 0.333121 -0.000230 0.942884 
5.099282 0.350296 -0.000230 0.936639 
5.138490 0.368269 -0.000230 0.929719 
5.177699 0.387061 -0.000231 0.922054 
5.216907 0.406686 -0.000231 0.913568 
5.256116 0.427156 -0.000231 0.904178 
5.295325 0.448478 -0.000232 0.893794 
5.334533 0.470652 -0.000232 0.882319 
5.373742 0.493671 -0.000233 0.869649 
5.412951 0.517519 -0.000233 0.855672 
5.452159 0.542169 -0.000234 0.840270 
5.491368 0.567582 -0.000235 0.823317 
5.530576 0.593706 -0.000236 0.804682 
5.569785 0.620472 -0.000236 0.784229 
5.608994 0.647792 -0.000237 0.761817 
5.648202 0.675559 -0.000238 0.737306 
5.687411 0.703642 -0.000239 0.710554 
5.726620 0.731889 -0.000240 0.681424 
5.765828 0.760118 -0.000241 0.649784 
5.805037 0.788124 -0.000242 0.615516 
5.844246 0.815672 -0.000243 0.578515 
5.883454 0.842499 -0.000244 0.538698 
5.922663 0.868318 -0.000245 0.496008 
5.961871 0.892816 -0.000245 0.450422 
6.001080 0.915661 -0.000246 0.401951 
6.040289 0.936505 -0.000246 0.350654 
6.079497 0.954990 -0.000246 0.296637 
6.118706 0.970759 -0.000245 0.240056 
