0.237412 -0.097270 -0.000068 0.995258 
0.276620 -0.081520 -0.000072 0.996672 
0.315829 -0.069495 -0.000076 0.997582 
0.355038 -0.060011 -0.000080 0.998198 
0.394246 -0.052343 -0.000084 0.998629 
0.433455 -0.046019 -0.000088 0.998941 
0.472664 -0.040719 -0.000091 0.999171 
0.511872 -0.036218 -0.000094 0.999344 
0.551081 -0.032353 -0.000096 0.999477 
0.590289 -0.029002 -0.000098 0.999579 
0.629498 -0.026073 -0.000100 0.999660 
0.668707 -0.023496 -0.000101 0.999724 
0.707915 -0.021213 -0.000101 0.999775 
0.747124 -0.019180 -0.000101 0.999816 
0.786333 -0.017360 -0.000101 0.999849 
0.825541 -0.015724 -0.000100 0.999876 
0.864750 -0.014246 -0.000099 0.999899 
0.903958 -0.012906 -0.000097 0.999917 
0.943167 -0.011687 -0.000095 0.999932 
0.982376 -0.010574 -0.000093 0.999944 
1.021584 -0.009554 -0.000090 0.999954 
1.060793 -0.008616 -0.000087 0.999963 
1.100002 -0.007751 -0.000084 0.999970 
1.139210 -0.006951 -0.000080 0.999976 
1.178419 -0.006208 -0.000076 0.999981 
1.217627 -0.005516 -0.000072 0.999985 
1.256836 -0.004869 -0.000068 0.999988 
1.296045 -0.004262 -0.000064 0.999991 
1.335253 -0.003692 -0.000059 0.999993 
1.374462 -0.003153 -0.000055 0.999995 
1.413671 -0.002642 -0.000051 0.999997 
1.452879 -0.002155 -0.000046 0.999998 
1.492088 -0.001691 -0.000042 0.999999 
1.531296 -0.001245 -0.000038 0.999999 
1.570505 -0.000815 -0.000033 1.000000 
1.609714 -0.000400 -0.000029 1.000000 
1.648922 0.000003 -0.000025 1.000000 
1.688131 0.000397 -0.000021 1.000000 
1.727340 0.000783 -0.000018 1.000000 
1.766548 0.001163 -0.000014 0.999999 
1.805757 0.001539 -0.000011 0.999999 
1.844966 0.001912 -0.000008 0.999998 
1.884174 0.002284 -0.000005 0.999997 
1.923383 0.002656 -0.000003 0.999996 
1.962591 0.003030 -0.000001 0.999995 
2.001800 0.003408 0.000001 0.999994 
2.041009 0.003790 0.000003 0.999993 
2.080217 0.004179 0.000004 0.999991 
2.119426 0.004575 0.000005 0.999990 
2.158635 0.004980 0.000006 0.999988 
2.197843 0.005395 0.000007 0.999985 
2.237052 0.005822 0.000007 0.999983 
2.276260 0.006262 0.000007 0.999980 
2.315469 0.006716 0.000007 0.999977 
2.354678 0.007186 0.000006 0.999974 
2.393886 0.007674 0.000005 0.999971 
2.433095 0.008180 0.000004 0.999967 
2.472304 0.008706 0.000003 0.999962 
2.511512 0.009255 0.000001 0.999957 
2.550721 0.009827 -0.000001 0.999952 
2.589929 0.010424 -0.000003 0.999946 
2.629138 0.011049 -0.000006 0.999939 
2.668347 0.011702 -0.000008 0.999932 
2.707555 0.012385 -0.000011 0.999923 
2.746764 0.013101 -0.000015 0.999914 
2.785973 0.013852 -0.000018 0.999904 
2.825181 0.014640 -0.000022 0.999893 
2.864390 0.015467 -0.000026 0.999880 
2.903598 0.016335 -0.000030 0.999867 
2.942807 0.017246 -0.000034 0.999851 
2.982016 0.018205 -0.000038 0.999834 
3.021224 0.019212 -0.000043 0.999815 
3.060433 0.020271 -0.000047 0.999795 
3.099642 0.021385 -0.000052 0.999771 
3.138850 0.022558 -0.000057 0.999746 
3.178059 0.023791 -0.000062 0.999717 
3.217267 0.025089 -0.000067 0.999685 
3.256476 0.026456 -0.000072 0.999650 
3.295685 0.027895 -0.000077 0.999611 
3.334893 0.029411 -0.000082 0.999567 
3.374102 0.031007 -0.000087 0.999519 
3.413311 0.032688 -0.000093 0.999466 
3.452519 0.034460 -0.000098 0.999406 
3.491728 0.036326 -0.000102 0.999340 
3.530936 0.038293 -0.000107 0.999267 
3.570145 0.040366 -0.000112 0.999185 
3.609354 0.042550 -0.000117 0.999094 
3.648562 0.044853 -0.000121 0.998994 
3.687771 0.047280 -0.000125 0.998882 
3.726980 0.049838 -0.000130 0.998757 
3.766188 0.052536 -0.000134 0.998619 
3.805397 0.055380 -0.000137 0.998465 
3.844606 0.058379 -0.000141 0.998294 
3.883814 0.061542 -0.000144 0.998105 
3.923023 0.064876 -0.000148 0.997893 
3.962231 0.068393 -0.000151 0.997658 
4.001440 0.072102 -0.000153 0.997397 
4.040649 0.076014 -0.000156 0.997107 
4.079857 0.080140 -0.000158 0.996784 
4.119066 0.084492 -0.000160 0.996424 
4.158275 0.089083 -0.000162 0.996024 
4.197483 0.093925 -0.000164 0.995579 
4.236692 0.099032 -0.000165 0.995084 
4.275900 0.104419 -0.000166 0.994533 
4.315109 0.110102 -0.000167 0.993920 
4.354318 0.116097 -0.000168 0.993238 
4.393526 0.122420 -0.000169 0.992478 
4.432735 0.129089 -0.000169 0.991633 
4.471944 0.136124 -0.000169 0.990692 
4.511152 0.143543 -0.000169 0.989644 
4.550361 0.151367 -0.000169 0.988478 
4.589569 0.159618 -0.000169 0.987179 
4.628778 0.168318 -0.000168 0.985733 
4.667987 0.177491 -0.000168 0.984122 
4.707195 0.187160 -0.000167 0.982329 
4.746404 0.197351 -0.000166 0.980333 
4.785613 0.208089 -0.000165 0.978110 
4.824821 0.219403 -0.000164 0.975634 
4.864030 0.231318 -0.000163 0.972878 
4.903238 0.243864 -0.000162 0.969809 
4.942447 0.257068 -0.000160 0.966393 
4.981656 0.270960 -0.000159 0.962590 
5.020864 0.285569 -0.000158 0.958358 
5.060073 0.300923 -0.000156 0.953648 
5.099282 0.317051 -0.000155 0.948409 
5.138490 0.333978 -0.000153 0.942581 
5.177699 0.351732 -0.000152 0.936101 
5.216907 0.370334 -0.000151 0.928898 
5.256116 0.389807 -0.000149 0.920897 
5.295325 0.410165 -0.000148 0.912011 
5.334533 0.431422 -0.000147 0.902150 
5.373742 0.453583 -0.000145 0.891214 
5.412951 0.476648 -0.000144 0.879094 
5.452159 0.500605 -0.000143 0.865676 
5.491368 0.525436 -0.000142 0.850833 
5.530576 0.551107 -0.000141 0.834434 
5.569785 0.577572 -0.000140 0.816340 
5.608994 0.604767 -0.000140 0.796403 
5.648202 0.632608 -0.000139 0.774472 
5.687411 0.660993 -0.000139 0.750392 
5.726620 0.689794 -0.000138 0.724006 
5.765828 0.718855 -0.000138 0.695160 
5.805037 0.747996 -0.000138 0.663703 
5.844246 0.777003 -0.000137 0.629497 
5.883454 0.805633 -0.000137 0.592415 
5.922663 0.833610 -0.000137 0.552353 
5.961871 0.860629 -0.000137 0.509233 
6.001080 0.886354 -0.000137 0.463008 
6.040289 0.910424 -0.000137 0.413676 
6.079497 0.932458 -0.000137 0.361277 
6.118706 0.952061 -0.000136 0.305908 
