0.237412 -0.062326 -0.000075 0.998056 
0.276620 -0.052172 -0.000080 0.998638 
0.315829 -0.044429 -0.000084 0.999013 
0.355038 -0.038325 -0.000089 0.999265 
0.394246 -0.033386 -0.000093 0.999443 
0.433455 -0.029308 -0.000096 0.999570 
0.472664 -0.025883 -0.000100 0.999665 
0.511872 -0.022966 -0.000103 0.999736 
0.551081 -0.020453 -0.000105 0.999791 
0.590289 -0.018266 -0.000108 0.999833 
0.629498 -0.016346 -0.000109 0.999866 
0.668707 -0.014646 -0.000111 0.999893 
0.707915 -0.013132 -0.000112 0.999914 
0.747124 -0.011775 -0.000112 0.999931 
0.786333 -0.010551 -0.000112 0.999944 
0.825541 -0.009441 -0.000112 0.999955 
0.864750 -0.008429 -0.000111 0.999964 
0.903958 -0.007503 -0.000110 0.999972 
0.943167 -0.006651 -0.000108 0.999978 
0.982376 -0.005864 -0.000106 0.999983 
1.021584 -0.005133 -0.000104 0.999987 
1.060793 -0.004452 -0.000101 0.999990 
1.100002 -0.003814 -0.000099 0.999993 
1.139210 -0.003214 -0.000096 0.999995 
1.178419 -0.002648 -0.000092 0.999996 
1.217627 -0.002111 -0.000089 0.999998 
1.256836 -0.001599 -0.000086 0.999999 
1.296045 -0.001110 -0.000082 0.999999 
1.335253 -0.000639 -0.000078 1.000000 
1.374462 -0.000184 -0.000074 1.000000 
1.413671 0.000256 -0.000071 1.000000 
1.452879 0.000686 -0.000067 1.000000 
1.492088 0.001106 -0.000063 0.999999 
1.531296 0.001518 -0.000059 0.999999 
1.570505 0.001926 -0.000056 0.999998 
1.609714 0.002329 -0.000052 0.999997 
1.648922 0.002731 -0.000049 0.999996 
1.688131 0.003132 -0.000046 0.999995 
1.727340 0.003535 -0.000043 0.999994 
1.766548 0.003940 -0.000040 0.999992 
1.805757 0.004349 -0.000037 0.999991 
1.844966 0.004764 -0.000035 0.999989 
1.884174 0.005186 -0.000033 0.999987 
1.923383 0.005615 -0.000031 0.999984 
1.962591 0.006055 -0.000029 0.999982 
2.001800 0.006505 -0.000028 0.999979 
2.041009 0.006968 -0.000026 0.999976 
2.080217 0.007444 -0.000026 0.999972 
2.119426 0.007935 -0.000025 0.999969 
2.158635 0.008442 -0.000025 0.999964 
2.197843 0.008967 -0.000025 0.999960 
2.237052 0.009512 -0.000025 0.999955 
2.276260 0.010077 -0.000026 0.999949 
2.315469 0.010665 -0.000026 0.999943 
2.354678 0.011276 -0.000028 0.999936 
2.393886 0.011913 -0.000029 0.999929 
2.433095 0.012576 -0.000031 0.999921 
2.472304 0.013269 -0.000033 0.999912 
2.511512 0.013992 -0.000035 0.999902 
2.550721 0.014748 -0.000038 0.999891 
2.589929 0.015538 -0.000041 0.999879 
2.629138 0.016365 -0.000044 0.999866 
2.668347 0.017230 -0.000048 0.999852 
2.707555 0.018136 -0.000052 0.999836 
2.746764 0.019085 -0.000056 0.999818 
2.785973 0.020080 -0.000060 0.999798 
2.825181 0.021122 -0.000064 0.999777 
2.864390 0.022216 -0.000069 0.999753 
2.903598 0.023362 -0.000074 0.999727 
2.942807 0.024565 -0.000079 0.999698 
2.982016 0.025827 -0.000085 0.999666 
3.021224 0.027152 -0.000090 0.999631 
3.060433 0.028543 -0.000096 0.999593 
3.099642 0.030003 -0.000102 0.999550 
3.138850 0.031537 -0.000108 0.999503 
3.178059 0.033147 -0.000114 0.999450 
3.217267 0.034839 -0.000120 0.999393 
3.256476 0.036616 -0.000126 0.999329 
3.295685 0.038483 -0.000132 0.999259 
3.334893 0.040445 -0.000139 0.999182 
3.374102 0.042507 -0.000145 0.999096 
3.413311 0.044673 -0.000151 0.999002 
3.452519 0.046950 -0.000158 0.998897 
3.491728 0.049344 -0.000164 0.998782 
3.530936 0.051860 -0.000170 0.998654 
3.570145 0.054505 -0.000177 0.998513 
3.609354 0.057286 -0.000183 0.998358 
3.648562 0.060210 -0.000189 0.998186 
3.687771 0.063284 -0.000195 0.997996 
3.726980 0.066517 -0.000200 0.997785 
3.766188 0.069917 -0.000206 0.997553 
3.805397 0.073492 -0.000212 0.997296 
3.844606 0.077252 -0.000217 0.997012 
3.883814 0.081206 -0.000222 0.996697 
3.923023 0.085365 -0.000228 0.996350 
3.962231 0.089739 -0.000233 0.995965 
4.001440 0.094340 -0.000237 0.995540 
4.040649 0.099180 -0.000242 0.995069 
4.079857 0.104270 -0.000247 0.994549 
4.119066 0.109625 -0.000251 0.993973 
4.158275 0.115257 -0.000255 0.993336 
4.197483 0.121181 -0.000259 0.992630 
4.236692 0.127413 -0.000263 0.991850 
4.275900 0.133967 -0.000267 0.990986 
4.315109 0.140860 -0.000271 0.990029 
4.354318 0.148110 -0.000274 0.988971 
4.393526 0.155735 -0.000277 0.987799 
4.432735 0.163753 -0.000281 0.986501 
4.471944 0.172184 -0.000284 0.985065 
4.511152 0.181047 -0.000287 0.983474 
4.550361 0.190365 -0.000290 0.981713 
4.589569 0.200159 -0.000293 0.979763 
4.628778 0.210451 -0.000295 0.977604 
4.667987 0.221264 -0.000298 0.975214 
4.707195 0.232622 -0.000301 0.972567 
4.746404 0.244549 -0.000303 0.969637 
4.785613 0.257070 -0.000306 0.966393 
4.824821 0.270209 -0.000308 0.962802 
4.864030 0.283991 -0.000310 0.958827 
4.903238 0.298440 -0.000313 0.954428 
4.942447 0.313582 -0.000315 0.949561 
4.981656 0.329438 -0.000318 0.944177 
5.020864 0.346031 -0.000320 0.938223 
5.060073 0.363382 -0.000323 0.931640 
5.099282 0.381509 -0.000325 0.924365 
5.138490 0.400428 -0.000328 0.916328 
5.177699 0.420151 -0.000330 0.907454 
5.216907 0.440685 -0.000333 0.897662 
5.256116 0.462033 -0.000336 0.886863 
5.295325 0.484191 -0.000339 0.874962 
5.334533 0.507147 -0.000341 0.861860 
5.373742 0.530880 -0.000344 0.847447 
5.412951 0.555360 -0.000347 0.831610 
5.452159 0.580543 -0.000350 0.814229 
5.491368 0.606372 -0.000354 0.795181 
5.530576 0.632775 -0.000357 0.774336 
5.569785 0.659659 -0.000360 0.751565 
5.608994 0.686917 -0.000363 0.726735 
5.648202 0.714418 -0.000366 0.699719 
5.687411 0.742007 -0.000369 0.670392 
5.726620 0.769508 -0.000372 0.638637 
5.765828 0.796719 -0.000375 0.604349 
5.805037 0.823413 -0.000378 0.567442 
5.844246 0.849340 -0.000380 0.527846 
5.883454 0.874224 -0.000382 0.485523 
5.922663 0.897772 -0.000384 0.440460 
5.961871 0.919672 -0.000386 0.392686 
6.001080 0.939603 -0.000387 0.342267 
6.040289 0.957233 -0.000387 0.289316 
6.079497 0.972238 -0.000387 0.233993 
6.118706 0.984299 -0.000387 0.176508 
