0.237412 -0.017592 -0.000094 0.999845 
0.276620 -0.014552 -0.000100 0.999894 
0.315829 -0.012219 -0.000105 0.999925 
0.355038 -0.010365 -0.000110 0.999946 
0.394246 -0.008849 -0.000114 0.999961 
0.433455 -0.007581 -0.000118 0.999971 
0.472664 -0.006501 -0.000122 0.999979 
0.511872 -0.005565 -0.000125 0.999985 
0.551081 -0.004745 -0.000128 0.999989 
0.590289 -0.004015 -0.000130 0.999992 
0.629498 -0.003360 -0.000132 0.999994 
0.668707 -0.002766 -0.000133 0.999996 
0.707915 -0.002222 -0.000134 0.999998 
0.747124 -0.001720 -0.000135 0.999999 
0.786333 -0.001252 -0.000136 0.999999 
0.825541 -0.000814 -0.000136 1.000000 
0.864750 -0.000400 -0.000135 1.000000 
0.903958 -0.000006 -0.000135 1.000000 
0.943167 0.000371 -0.000134 1.000000 
0.982376 0.000734 -0.000133 1.000000 
1.021584 0.001086 -0.000132 0.999999 
1.060793 0.001429 -0.000130 0.999999 
1.100002 0.001764 -0.000128 0.999998 
1.139210 0.002095 -0.000127 0.999998 
1.178419 0.002422 -0.000125 0.999997 
1.217627 0.002747 -0.000122 0.999996 
1.256836 0.003072 -0.000120 0.999995 
1.296045 0.003397 -0.000118 0.999994 
1.335253 0.003725 -0.000116 0.999993 
1.374462 0.004056 -0.000113 0.999992 
1.413671 0.004391 -0.000111 0.999990 
1.452879 0.004731 -0.000109 0.999989 
1.492088 0.005079 -0.000107 0.999987 
1.531296 0.005433 -0.000104 0.999985 
1.570505 0.005797 -0.000102 0.999983 
1.609714 0.006170 -0.000100 0.999981 
1.648922 0.006553 -0.000099 0.999979 
1.688131 0.006949 -0.000097 0.999976 
1.727340 0.007357 -0.000096 0.999973 
1.766548 0.007778 -0.000094 0.999970 
1.805757 0.008215 -0.000093 0.999966 
1.844966 0.008668 -0.000093 0.999962 
1.884174 0.009137 -0.000092 0.999958 
1.923383 0.009625 -0.000092 0.999954 
1.962591 0.010132 -0.000092 0.999949 
2.001800 0.010660 -0.000092 0.999943 
2.041009 0.011210 -0.000093 0.999937 
2.080217 0.011782 -0.000093 0.999931 
2.119426 0.012379 -0.000094 0.999923 
2.158635 0.013003 -0.000096 0.999915 
2.197843 0.013653 -0.000098 0.999907 
2.237052 0.014332 -0.000100 0.999897 
2.276260 0.015042 -0.000102 0.999887 
2.315469 0.015784 -0.000105 0.999875 
2.354678 0.016559 -0.000108 0.999863 
2.393886 0.017370 -0.000111 0.999849 
2.433095 0.018219 -0.000115 0.999834 
2.472304 0.019107 -0.000118 0.999817 
2.511512 0.020036 -0.000123 0.999799 
2.550721 0.021009 -0.000127 0.999779 
2.589929 0.022028 -0.000132 0.999757 
2.629138 0.023095 -0.000137 0.999733 
2.668347 0.024213 -0.000143 0.999707 
2.707555 0.025384 -0.000149 0.999678 
2.746764 0.026610 -0.000155 0.999646 
2.785973 0.027896 -0.000161 0.999611 
2.825181 0.029244 -0.000168 0.999572 
2.864390 0.030656 -0.000175 0.999530 
2.903598 0.032137 -0.000182 0.999483 
2.942807 0.033689 -0.000190 0.999432 
2.982016 0.035316 -0.000197 0.999376 
3.021224 0.037022 -0.000205 0.999314 
3.060433 0.038812 -0.000214 0.999247 
3.099642 0.040688 -0.000222 0.999172 
3.138850 0.042656 -0.000231 0.999090 
3.178059 0.044721 -0.000239 0.999000 
3.217267 0.046886 -0.000248 0.998900 
3.256476 0.049157 -0.000257 0.998791 
3.295685 0.051540 -0.000267 0.998671 
3.334893 0.054040 -0.000276 0.998539 
3.374102 0.056663 -0.000286 0.998393 
3.413311 0.059415 -0.000295 0.998233 
3.452519 0.062303 -0.000305 0.998057 
3.491728 0.065333 -0.000315 0.997863 
3.530936 0.068512 -0.000325 0.997650 
3.570145 0.071849 -0.000335 0.997415 
3.609354 0.075351 -0.000345 0.997157 
3.648562 0.079027 -0.000355 0.996872 
3.687771 0.082884 -0.000365 0.996559 
3.726980 0.086933 -0.000376 0.996214 
3.766188 0.091183 -0.000386 0.995834 
3.805397 0.095644 -0.000396 0.995416 
3.844606 0.100326 -0.000406 0.994955 
3.883814 0.105240 -0.000417 0.994447 
3.923023 0.110399 -0.000427 0.993887 
3.962231 0.115814 -0.000438 0.993271 
4.001440 0.121499 -0.000448 0.992591 
4.040649 0.127465 -0.000459 0.991843 
4.079857 0.133728 -0.000469 0.991018 
4.119066 0.140302 -0.000480 0.990109 
4.158275 0.147201 -0.000491 0.989106 
4.197483 0.154442 -0.000501 0.988002 
4.236692 0.162042 -0.000512 0.986784 
4.275900 0.170016 -0.000523 0.985441 
4.315109 0.178384 -0.000534 0.983961 
4.354318 0.187163 -0.000545 0.982329 
4.393526 0.196373 -0.000556 0.980529 
4.432735 0.206033 -0.000567 0.978545 
4.471944 0.216163 -0.000578 0.976357 
4.511152 0.226784 -0.000589 0.973945 
4.550361 0.237917 -0.000601 0.971285 
4.589569 0.249584 -0.000612 0.968353 
4.628778 0.261807 -0.000624 0.965120 
4.667987 0.274607 -0.000636 0.961556 
4.707195 0.288006 -0.000648 0.957628 
4.746404 0.302027 -0.000660 0.953299 
4.785613 0.316690 -0.000673 0.948529 
4.824821 0.332016 -0.000685 0.943274 
4.864030 0.348024 -0.000698 0.937485 
4.903238 0.364732 -0.000711 0.931112 
4.942447 0.382157 -0.000725 0.924097 
4.981656 0.400312 -0.000738 0.916379 
5.020864 0.419208 -0.000752 0.907890 
5.060073 0.438851 -0.000766 0.898560 
5.099282 0.459244 -0.000780 0.888310 
5.138490 0.480384 -0.000794 0.877058 
5.177699 0.502262 -0.000809 0.864715 
5.216907 0.524861 -0.000824 0.851188 
5.256116 0.548154 -0.000839 0.836377 
5.295325 0.572107 -0.000854 0.820179 
5.334533 0.596672 -0.000870 0.802485 
5.373742 0.621789 -0.000885 0.783184 
5.412951 0.647385 -0.000901 0.762163 
5.452159 0.673368 -0.000916 0.739306 
5.491368 0.699633 -0.000932 0.714502 
5.530576 0.726051 -0.000947 0.687640 
5.569785 0.752480 -0.000962 0.658615 
5.608994 0.778751 -0.000977 0.627332 
5.648202 0.804680 -0.000991 0.593708 
5.687411 0.830058 -0.001005 0.557676 
5.726620 0.854660 -0.001018 0.519188 
5.765828 0.878239 -0.001030 0.478220 
5.805037 0.900537 -0.001041 0.434778 
5.844246 0.921280 -0.001052 0.388898 
5.883454 0.940189 -0.001060 0.340652 
5.922663 0.956980 -0.001068 0.290153 
5.961871 0.971375 -0.001074 0.237551 
6.001080 0.983105 -0.001078 0.183038 
6.040289 0.991921 -0.001080 0.126850 
6.079497 0.997598 -0.001080 0.069257 
6.118706 0.999944 -0.001078 0.010567 
