0.237412 -0.039333 -0.000082 0.999226 
0.276620 -0.032834 -0.000087 0.999461 
0.315829 -0.027875 -0.000092 0.999611 
0.355038 -0.023960 -0.000096 0.999713 
0.394246 -0.020786 -0.000100 0.999784 
0.433455 -0.018158 -0.000104 0.999835 
0.472664 -0.015943 -0.000107 0.999873 
0.511872 -0.014049 -0.000111 0.999901 
0.551081 -0.012410 -0.000113 0.999923 
0.590289 -0.010975 -0.000115 0.999940 
0.629498 -0.009707 -0.000117 0.999953 
0.668707 -0.008578 -0.000119 0.999963 
0.707915 -0.007564 -0.000120 0.999971 
0.747124 -0.006647 -0.000120 0.999978 
0.786333 -0.005813 -0.000120 0.999983 
0.825541 -0.005048 -0.000120 0.999987 
0.864750 -0.004344 -0.000120 0.999991 
0.903958 -0.003691 -0.000119 0.999993 
0.943167 -0.003082 -0.000118 0.999995 
0.982376 -0.002513 -0.000116 0.999997 
1.021584 -0.001976 -0.000114 0.999998 
1.060793 -0.001467 -0.000112 0.999999 
1.100002 -0.000984 -0.000110 1.000000 
1.139210 -0.000521 -0.000108 1.000000 
1.178419 -0.000076 -0.000105 1.000000 
1.217627 0.000354 -0.000102 1.000000 
1.256836 0.000771 -0.000099 1.000000 
1.296045 0.001178 -0.000097 0.999999 
1.335253 0.001577 -0.000093 0.999999 
1.374462 0.001970 -0.000090 0.999998 
1.413671 0.002358 -0.000087 0.999997 
1.452879 0.002744 -0.000084 0.999996 
1.492088 0.003128 -0.000081 0.999995 
1.531296 0.003513 -0.000078 0.999994 
1.570505 0.003900 -0.000075 0.999992 
1.609714 0.004290 -0.000073 0.999991 
1.648922 0.004685 -0.000070 0.999989 
1.688131 0.005085 -0.000068 0.999987 
1.727340 0.005493 -0.000065 0.999985 
1.766548 0.005909 -0.000063 0.999983 
1.805757 0.006334 -0.000061 0.999980 
1.844966 0.006771 -0.000059 0.999977 
1.884174 0.007219 -0.000058 0.999974 
1.923383 0.007681 -0.000057 0.999970 
1.962591 0.008158 -0.000056 0.999967 
2.001800 0.008650 -0.000055 0.999963 
2.041009 0.009160 -0.000055 0.999958 
2.080217 0.009688 -0.000055 0.999953 
2.119426 0.010237 -0.000055 0.999948 
2.158635 0.010806 -0.000055 0.999942 
2.197843 0.011398 -0.000056 0.999935 
2.237052 0.012015 -0.000057 0.999928 
2.276260 0.012657 -0.000058 0.999920 
2.315469 0.013326 -0.000060 0.999911 
2.354678 0.014025 -0.000062 0.999902 
2.393886 0.014754 -0.000064 0.999891 
2.433095 0.015516 -0.000067 0.999880 
2.472304 0.016312 -0.000069 0.999867 
2.511512 0.017144 -0.000073 0.999853 
2.550721 0.018015 -0.000076 0.999838 
2.589929 0.018926 -0.000080 0.999821 
2.629138 0.019879 -0.000084 0.999802 
2.668347 0.020878 -0.000088 0.999782 
2.707555 0.021923 -0.000093 0.999760 
2.746764 0.023019 -0.000098 0.999735 
2.785973 0.024167 -0.000103 0.999708 
2.825181 0.025370 -0.000108 0.999678 
2.864390 0.026631 -0.000114 0.999645 
2.903598 0.027953 -0.000120 0.999609 
2.942807 0.029339 -0.000126 0.999569 
2.982016 0.030794 -0.000132 0.999526 
3.021224 0.032319 -0.000139 0.999478 
3.060433 0.033919 -0.000145 0.999425 
3.099642 0.035598 -0.000152 0.999366 
3.138850 0.037359 -0.000159 0.999302 
3.178059 0.039208 -0.000166 0.999231 
3.217267 0.041148 -0.000173 0.999153 
3.256476 0.043184 -0.000181 0.999067 
3.295685 0.045321 -0.000188 0.998972 
3.334893 0.047565 -0.000196 0.998868 
3.374102 0.049920 -0.000203 0.998753 
3.413311 0.052393 -0.000211 0.998627 
3.452519 0.054990 -0.000218 0.998487 
3.491728 0.057716 -0.000226 0.998333 
3.530936 0.060579 -0.000234 0.998163 
3.570145 0.063586 -0.000242 0.997976 
3.609354 0.066744 -0.000249 0.997770 
3.648562 0.070060 -0.000257 0.997543 
3.687771 0.073544 -0.000264 0.997292 
3.726980 0.077202 -0.000272 0.997015 
3.766188 0.081046 -0.000279 0.996710 
3.805397 0.085083 -0.000287 0.996374 
3.844606 0.089323 -0.000294 0.996003 
3.883814 0.093778 -0.000302 0.995593 
3.923023 0.098458 -0.000309 0.995141 
3.962231 0.103375 -0.000316 0.994642 
4.001440 0.108540 -0.000323 0.994092 
4.040649 0.113966 -0.000330 0.993485 
4.079857 0.119667 -0.000337 0.992814 
4.119066 0.125655 -0.000344 0.992074 
4.158275 0.131947 -0.000350 0.991257 
4.197483 0.138556 -0.000357 0.990355 
4.236692 0.145498 -0.000364 0.989358 
4.275900 0.152790 -0.000370 0.988259 
4.315109 0.160450 -0.000377 0.987044 
4.354318 0.168494 -0.000383 0.985703 
4.393526 0.176942 -0.000390 0.984221 
4.432735 0.185812 -0.000396 0.982585 
4.471944 0.195125 -0.000402 0.980778 
4.511152 0.204901 -0.000408 0.978783 
4.550361 0.215162 -0.000415 0.976578 
4.589569 0.225928 -0.000421 0.974144 
4.628778 0.237223 -0.000427 0.971455 
4.667987 0.249069 -0.000434 0.968486 
4.707195 0.261488 -0.000440 0.965207 
4.746404 0.274504 -0.000446 0.961586 
4.785613 0.288140 -0.000453 0.957588 
4.824821 0.302419 -0.000459 0.953175 
4.864030 0.317362 -0.000466 0.948304 
4.903238 0.332992 -0.000472 0.942930 
4.942447 0.349328 -0.000479 0.937000 
4.981656 0.366390 -0.000486 0.930461 
5.020864 0.384194 -0.000493 0.923252 
5.060073 0.402754 -0.000500 0.915308 
5.099282 0.422081 -0.000507 0.906558 
5.138490 0.442182 -0.000514 0.896925 
5.177699 0.463058 -0.000521 0.886328 
5.216907 0.484705 -0.000529 0.874678 
5.256116 0.507112 -0.000536 0.861880 
5.295325 0.530259 -0.000544 0.847836 
5.334533 0.554117 -0.000552 0.832438 
5.373742 0.578647 -0.000559 0.815578 
5.412951 0.603795 -0.000567 0.797139 
5.452159 0.629495 -0.000575 0.777004 
5.491368 0.655665 -0.000583 0.755052 
5.530576 0.682203 -0.000591 0.731162 
5.569785 0.708992 -0.000599 0.705216 
5.608994 0.735893 -0.000606 0.677097 
5.648202 0.762745 -0.000614 0.646699 
5.687411 0.789366 -0.000621 0.613923 
5.726620 0.815550 -0.000628 0.578686 
5.765828 0.841071 -0.000635 0.540924 
5.805037 0.865683 -0.000641 0.500593 
5.844246 0.889117 -0.000646 0.457679 
5.883454 0.911094 -0.000651 0.412199 
5.922663 0.931319 -0.000655 0.364205 
5.961871 0.949492 -0.000658 0.313790 
6.001080 0.965314 -0.000661 0.261090 
6.040289 0.978492 -0.000662 0.206282 
6.079497 0.988748 -0.000662 0.149590 
6.118706 0.995825 -0.000661 0.091281 
