0.237412 -0.173752 -0.026231 0.984440 
0.276620 -0.140501 -0.027476 0.989699 
0.315829 -0.114040 -0.029028 0.993052 
0.355038 -0.092240 -0.030796 0.995260 
0.394246 -0.073765 -0.032725 0.996739 
0.433455 -0.057732 -0.034779 0.997726 
0.472664 -0.043533 -0.036935 0.998369 
0.511872 -0.030732 -0.039179 0.998759 
0.551081 -0.019005 -0.041501 0.998958 
0.590289 -0.008109 -0.043893 0.999003 
0.629498 0.002147 -0.046350 0.998923 
0.668707 0.011916 -0.048872 0.998734 
0.707915 0.021321 -0.051455 0.998448 
0.747124 0.030466 -0.054100 0.998071 
0.786333 0.039436 -0.056807 0.997606 
0.825541 0.048307 -0.059577 0.997054 
0.864750 0.057145 -0.062411 0.996413 
0.903958 0.066008 -0.065311 0.995679 
0.943167 0.074949 -0.068279 0.994847 
0.982376 0.084017 -0.071317 0.993909 
1.021584 0.093257 -0.074430 0.992856 
1.060793 0.102711 -0.077619 0.991678 
1.100002 0.112420 -0.080888 0.990363 
1.139210 0.122423 -0.084241 0.988896 
1.178419 0.132758 -0.087682 0.987262 
1.217627 0.143462 -0.091214 0.985443 
1.256836 0.154571 -0.094843 0.983419 
1.296045 0.166121 -0.098574 0.981166 
1.335253 0.178148 -0.102410 0.978660 
1.374462 0.190688 -0.106359 0.975872 
1.413671 0.203775 -0.110424 0.972770 
1.452879 0.217445 -0.114612 0.969320 
1.492088 0.231733 -0.118930 0.965482 
1.531296 0.246674 -0.123383 0.961212 
1.570505 0.262300 -0.127977 0.956462 
1.609714 0.278647 -0.132721 0.951179 
1.648922 0.295744 -0.137619 0.945302 
1.688131 0.313623 -0.142680 0.938767 
1.727340 0.332311 -0.147911 0.931500 
1.766548 0.351834 -0.153317 0.923421 
1.805757 0.372212 -0.158906 0.914444 
1.844966 0.393461 -0.164684 0.904471 
1.884174 0.415593 -0.170656 0.893398 
1.923383 0.438608 -0.176828 0.881110 
1.962591 0.462502 -0.183204 0.867484 
2.001800 0.487256 -0.189785 0.852387 
2.041009 0.512841 -0.196574 0.835675 
2.080217 0.539210 -0.203568 0.817198 
2.119426 0.566299 -0.210764 0.796796 
2.158635 0.594024 -0.218156 0.774301 
2.197843 0.622277 -0.225733 0.749544 
2.237052 0.650921 -0.233481 0.722350 
2.276260 0.679792 -0.241379 0.692546 
2.315469 0.708693 -0.249402 0.659965 
2.354678 0.737392 -0.257520 0.624449 
2.393886 0.765620 -0.265695 0.585860 
2.433095 0.793075 -0.273881 0.544079 
2.472304 0.819413 -0.282026 0.499022 
2.511512 0.844262 -0.290072 0.450644 
2.550721 0.867217 -0.297950 0.398949 
2.589929 0.887852 -0.305589 0.343999 
2.629138 0.905724 -0.312910 0.285920 
2.668347 0.920392 -0.319834 0.224911 
2.707555 0.931420 -0.326278 0.161246 
2.746764 0.938399 -0.332160 0.095274 
2.785973 0.940960 -0.337405 0.027422 
2.825181 0.938790 -0.341942 -0.041818 
2.864390 0.931645 -0.345712 -0.111895 
2.903598 0.919363 -0.348668 -0.182215 
2.942807 0.901871 -0.350779 -0.252156 
2.982016 0.879191 -0.352030 -0.321087 
3.021224 0.851439 -0.352424 -0.388391 
3.060433 0.818819 -0.351982 -0.453480 
3.099642 0.781613 -0.350741 -0.515812 
3.138850 0.740169 -0.348754 -0.574909 
3.178059 0.694887 -0.346086 -0.630362 
3.217267 0.646199 -0.342814 -0.681839 
3.256476 0.594554 -0.339021 -0.729089 
3.295685 0.540402 -0.334794 -0.771932 
3.334893 0.484181 -0.330223 -0.810260 
3.374102 0.426305 -0.325394 -0.844028 
3.413311 0.367154 -0.320394 -0.873239 
3.452519 0.307074 -0.315300 -0.897937 
3.491728 0.246368 -0.310187 -0.918198 
3.530936 0.185298 -0.305120 -0.934113 
3.570145 0.124090 -0.300156 -0.945784 
3.609354 0.062933 -0.295345 -0.953316 
3.648562 0.001985 -0.290728 -0.956804 
3.687771 -0.058620 -0.286337 -0.956334 
3.726980 -0.118765 -0.282197 -0.951977 
3.766188 -0.178346 -0.278325 -0.943784 
3.805397 -0.237265 -0.274730 -0.931788 
3.844606 -0.295419 -0.271415 -0.916003 
3.883814 -0.352700 -0.268374 -0.896425 
3.923023 -0.408982 -0.265597 -0.873036 
3.962231 -0.464122 -0.263067 -0.845805 
4.001440 -0.517949 -0.260759 -0.814698 
4.040649 -0.570265 -0.258646 -0.779679 
4.079857 -0.620838 -0.256694 -0.740721 
4.119066 -0.669404 -0.254864 -0.697813 
4.158275 -0.715664 -0.253113 -0.650967 
4.197483 -0.759290 -0.251396 -0.600232 
4.236692 -0.799927 -0.249665 -0.545697 
4.275900 -0.837198 -0.247868 -0.487505 
4.315109 -0.870718 -0.245958 -0.425858 
4.354318 -0.900102 -0.243884 -0.361023 
4.393526 -0.924977 -0.241603 -0.293335 
4.432735 -0.945001 -0.239071 -0.223199 
4.471944 -0.959874 -0.236253 -0.151082 
4.511152 -0.969354 -0.233121 -0.077511 
4.550361 -0.973267 -0.229655 -0.003059 
4.589569 -0.971524 -0.225843 0.071666 
4.628778 -0.964120 -0.221685 0.146045 
4.667987 -0.951141 -0.217189 0.219455 
4.707195 -0.932762 -0.212372 0.291297 
4.746404 -0.909239 -0.207261 0.361008 
4.785613 -0.880903 -0.201889 0.428078 
4.824821 -0.848140 -0.196295 0.492063 
4.864030 -0.811384 -0.190523 0.552591 
4.903238 -0.771095 -0.184619 0.609367 
4.942447 -0.727746 -0.178628 0.662177 
4.981656 -0.681806 -0.172599 0.710879 
5.020864 -0.633731 -0.166575 0.755405 
5.060073 -0.583949 -0.160599 0.795746 
5.099282 -0.532854 -0.154709 0.831945 
5.138490 -0.480799 -0.148941 0.864089 
5.177699 -0.428095 -0.143324 0.892296 
5.216907 -0.375009 -0.137885 0.916709 
5.256116 -0.321762 -0.132647 0.937483 
5.295325 -0.268537 -0.127629 0.954777 
5.334533 -0.215475 -0.122844 0.968752 
5.373742 -0.162685 -0.118304 0.979560 
5.412951 -0.110245 -0.114018 0.987343 
5.452159 -0.058209 -0.109992 0.992227 
5.491368 -0.006608 -0.106229 0.994320 
5.530576 0.044541 -0.102731 0.993711 
5.569785 0.095232 -0.099498 0.990470 
5.608994 0.145467 -0.096528 0.984643 
5.648202 0.195249 -0.093819 0.976256 
5.687411 0.244579 -0.091365 0.965315 
5.726620 0.293452 -0.089164 0.951806 
5.765828 0.341855 -0.087208 0.935698 
5.805037 0.389758 -0.085491 0.916941 
5.844246 0.437116 -0.084005 0.895474 
5.883454 0.483862 -0.082744 0.871224 
5.922663 0.529908 -0.081696 0.844111 
5.961871 0.575136 -0.080854 0.814052 
6.001080 0.619402 -0.080206 0.780966 
6.040289 0.662530 -0.079742 0.744778 
6.079497 0.704316 -0.079449 0.705426 
6.118706 0.744523 -0.079316 0.662868 
