0.237412 0.078085 -0.000722 0.996946 
0.276620 0.065640 -0.000764 0.997843 
0.315829 0.056285 -0.000796 0.998414 
0.355038 0.049011 -0.000822 0.998798 
0.394246 0.043210 -0.000842 0.999066 
0.433455 0.038488 -0.000857 0.999259 
0.472664 0.034584 -0.000869 0.999401 
0.511872 0.031314 -0.000877 0.999509 
0.551081 0.028547 -0.000883 0.999592 
0.590289 0.026186 -0.000887 0.999657 
0.629498 0.024158 -0.000889 0.999708 
0.668707 0.022406 -0.000889 0.999749 
0.707915 0.020888 -0.000889 0.999781 
0.747124 0.019569 -0.000888 0.999808 
0.786333 0.018420 -0.000886 0.999830 
0.825541 0.017419 -0.000884 0.999848 
0.864750 0.016548 -0.000881 0.999863 
0.903958 0.015791 -0.000878 0.999875 
0.943167 0.015136 -0.000876 0.999885 
0.982376 0.014572 -0.000873 0.999893 
1.021584 0.014091 -0.000871 0.999900 
1.060793 0.013684 -0.000869 0.999906 
1.100002 0.013345 -0.000867 0.999911 
1.139210 0.013068 -0.000866 0.999914 
1.178419 0.012850 -0.000866 0.999917 
1.217627 0.012685 -0.000866 0.999919 
1.256836 0.012571 -0.000867 0.999921 
1.296045 0.012505 -0.000869 0.999921 
1.335253 0.012484 -0.000871 0.999922 
1.374462 0.012505 -0.000874 0.999921 
1.413671 0.012569 -0.000878 0.999921 
1.452879 0.012671 -0.000883 0.999919 
1.492088 0.012813 -0.000889 0.999918 
1.531296 0.012992 -0.000896 0.999915 
1.570505 0.013209 -0.000904 0.999912 
1.609714 0.013461 -0.000913 0.999909 
1.648922 0.013750 -0.000923 0.999905 
1.688131 0.014075 -0.000935 0.999901 
1.727340 0.014436 -0.000947 0.999895 
1.766548 0.014833 -0.000961 0.999890 
1.805757 0.015266 -0.000975 0.999883 
1.844966 0.015736 -0.000992 0.999876 
1.884174 0.016243 -0.001009 0.999868 
1.923383 0.016788 -0.001028 0.999859 
1.962591 0.017372 -0.001048 0.999849 
2.001800 0.017995 -0.001070 0.999838 
2.041009 0.018659 -0.001093 0.999825 
2.080217 0.019365 -0.001117 0.999812 
2.119426 0.020114 -0.001143 0.999797 
2.158635 0.020907 -0.001171 0.999781 
2.197843 0.021746 -0.001200 0.999763 
2.237052 0.022633 -0.001230 0.999743 
2.276260 0.023569 -0.001263 0.999721 
2.315469 0.024556 -0.001297 0.999698 
2.354678 0.025597 -0.001332 0.999671 
2.393886 0.026692 -0.001370 0.999643 
2.433095 0.027846 -0.001409 0.999611 
2.472304 0.029059 -0.001450 0.999577 
2.511512 0.030335 -0.001493 0.999539 
2.550721 0.031676 -0.001537 0.999497 
2.589929 0.033085 -0.001584 0.999451 
2.629138 0.034565 -0.001633 0.999401 
2.668347 0.036120 -0.001683 0.999346 
2.707555 0.037752 -0.001736 0.999286 
2.746764 0.039466 -0.001791 0.999219 
2.785973 0.041265 -0.001847 0.999147 
2.825181 0.043153 -0.001906 0.999067 
2.864390 0.045133 -0.001967 0.998979 
2.903598 0.047212 -0.002031 0.998883 
2.942807 0.049392 -0.002097 0.998777 
2.982016 0.051680 -0.002165 0.998661 
3.021224 0.054079 -0.002235 0.998534 
3.060433 0.056596 -0.002308 0.998394 
3.099642 0.059236 -0.002383 0.998241 
3.138850 0.062005 -0.002461 0.998073 
3.178059 0.064910 -0.002542 0.997888 
3.217267 0.067956 -0.002625 0.997685 
3.256476 0.071151 -0.002711 0.997462 
3.295685 0.074501 -0.002800 0.997217 
3.334893 0.078015 -0.002891 0.996948 
3.374102 0.081701 -0.002986 0.996652 
3.413311 0.085566 -0.003083 0.996328 
3.452519 0.089619 -0.003184 0.995971 
3.491728 0.093870 -0.003288 0.995579 
3.530936 0.098329 -0.003395 0.995148 
3.570145 0.103004 -0.003505 0.994675 
3.609354 0.107908 -0.003619 0.994154 
3.648562 0.113050 -0.003737 0.993582 
3.687771 0.118443 -0.003857 0.992953 
3.726980 0.124098 -0.003982 0.992262 
3.766188 0.130029 -0.004110 0.991502 
3.805397 0.136248 -0.004242 0.990666 
3.844606 0.142769 -0.004379 0.989746 
3.883814 0.149607 -0.004519 0.988735 
3.923023 0.156776 -0.004663 0.987623 
3.962231 0.164292 -0.004812 0.986400 
4.001440 0.172172 -0.004965 0.985054 
4.040649 0.180431 -0.005123 0.983574 
4.079857 0.189088 -0.005286 0.981946 
4.119066 0.198160 -0.005453 0.980155 
4.158275 0.207666 -0.005626 0.978184 
4.197483 0.217625 -0.005803 0.976015 
4.236692 0.228056 -0.005986 0.973630 
4.275900 0.238980 -0.006174 0.971005 
4.315109 0.250416 -0.006368 0.968117 
4.354318 0.262385 -0.006567 0.964941 
4.393526 0.274907 -0.006773 0.961447 
4.432735 0.288004 -0.006984 0.957604 
4.471944 0.301696 -0.007202 0.953377 
4.511152 0.316002 -0.007426 0.948730 
4.550361 0.330942 -0.007657 0.943620 
4.589569 0.346534 -0.007895 0.938004 
4.628778 0.362796 -0.008139 0.931833 
4.667987 0.379743 -0.008390 0.925054 
4.707195 0.397388 -0.008649 0.917610 
4.746404 0.415742 -0.008915 0.909439 
4.785613 0.434812 -0.009188 0.900474 
4.824821 0.454601 -0.009468 0.890645 
4.864030 0.475107 -0.009756 0.879874 
4.903238 0.496324 -0.010052 0.868079 
4.942447 0.518236 -0.010354 0.855175 
4.981656 0.540824 -0.010664 0.841068 
5.020864 0.564055 -0.010981 0.825664 
5.060073 0.587890 -0.011305 0.808862 
5.099282 0.612276 -0.011635 0.790559 
5.138490 0.637148 -0.011970 0.770648 
5.177699 0.662428 -0.012312 0.749024 
5.216907 0.688021 -0.012657 0.725580 
5.256116 0.713817 -0.013006 0.700211 
5.295325 0.739687 -0.013358 0.672819 
5.334533 0.765483 -0.013712 0.643310 
5.373742 0.791041 -0.014065 0.611601 
5.412951 0.816176 -0.014416 0.577624 
5.452159 0.840683 -0.014765 0.541326 
5.491368 0.864344 -0.015108 0.502674 
5.530576 0.886923 -0.015443 0.461659 
5.569785 0.908171 -0.015769 0.418303 
5.608994 0.927831 -0.016083 0.372655 
5.648202 0.945641 -0.016383 0.324800 
5.687411 0.961340 -0.016665 0.274859 
5.726620 0.974673 -0.016927 0.222992 
5.765828 0.985399 -0.017168 0.169395 
5.805037 0.993294 -0.017384 0.114300 
5.844246 0.998163 -0.017574 0.057976 
5.883454 0.999842 -0.017735 0.000719 
5.922663 0.998206 -0.017865 -0.057148 
5.961871 0.993170 -0.017964 -0.115285 
6.001080 0.984697 -0.018031 -0.173342 
6.040289 0.972795 -0.018065 -0.230963 
6.079497 0.957520 -0.018067 -0.287801 
6.118706 0.938972 -0.018035 -0.343521 
