0.237412 -0.002588 -0.000109 0.999997 
0.276620 -0.001943 -0.000116 0.999998 
0.315829 -0.001425 -0.000122 0.999999 
0.355038 -0.000991 -0.000127 1.000000 
0.394246 -0.000617 -0.000132 1.000000 
0.433455 -0.000285 -0.000136 1.000000 
0.472664 0.000015 -0.000140 1.000000 
0.511872 0.000291 -0.000143 1.000000 
0.551081 0.000549 -0.000146 1.000000 
0.590289 0.000794 -0.000148 1.000000 
0.629498 0.001028 -0.000150 0.999999 
0.668707 0.001255 -0.000152 0.999999 
0.707915 0.001475 -0.000153 0.999999 
0.747124 0.001692 -0.000154 0.999999 
0.786333 0.001907 -0.000154 0.999998 
0.825541 0.002120 -0.000155 0.999998 
0.864750 0.002334 -0.000154 0.999997 
0.903958 0.002549 -0.000154 0.999997 
0.943167 0.002765 -0.000154 0.999996 
0.982376 0.002985 -0.000153 0.999996 
1.021584 0.003208 -0.000152 0.999995 
1.060793 0.003435 -0.000151 0.999994 
1.100002 0.003668 -0.000149 0.999993 
1.139210 0.003906 -0.000148 0.999992 
1.178419 0.004150 -0.000146 0.999991 
1.217627 0.004402 -0.000145 0.999990 
1.256836 0.004661 -0.000143 0.999989 
1.296045 0.004928 -0.000141 0.999988 
1.335253 0.005205 -0.000140 0.999986 
1.374462 0.005491 -0.000138 0.999985 
1.413671 0.005787 -0.000136 0.999983 
1.452879 0.006095 -0.000134 0.999981 
1.492088 0.006414 -0.000133 0.999979 
1.531296 0.006746 -0.000131 0.999977 
1.570505 0.007091 -0.000130 0.999975 
1.609714 0.007449 -0.000129 0.999972 
1.648922 0.007823 -0.000128 0.999969 
1.688131 0.008213 -0.000127 0.999966 
1.727340 0.008618 -0.000126 0.999963 
1.766548 0.009042 -0.000126 0.999959 
1.805757 0.009484 -0.000126 0.999955 
1.844966 0.009945 -0.000126 0.999951 
1.884174 0.010426 -0.000126 0.999946 
1.923383 0.010929 -0.000127 0.999940 
1.962591 0.011454 -0.000127 0.999934 
2.001800 0.012004 -0.000129 0.999928 
2.041009 0.012578 -0.000130 0.999921 
2.080217 0.013178 -0.000132 0.999913 
2.119426 0.013806 -0.000134 0.999905 
2.158635 0.014463 -0.000136 0.999895 
2.197843 0.015150 -0.000139 0.999885 
2.237052 0.015870 -0.000142 0.999874 
2.276260 0.016622 -0.000145 0.999862 
2.315469 0.017411 -0.000149 0.999848 
2.354678 0.018236 -0.000153 0.999834 
2.393886 0.019100 -0.000157 0.999818 
2.433095 0.020005 -0.000162 0.999800 
2.472304 0.020952 -0.000167 0.999780 
2.511512 0.021945 -0.000173 0.999759 
2.550721 0.022984 -0.000178 0.999736 
2.589929 0.024074 -0.000185 0.999710 
2.629138 0.025215 -0.000191 0.999682 
2.668347 0.026411 -0.000198 0.999651 
2.707555 0.027664 -0.000205 0.999617 
2.746764 0.028977 -0.000213 0.999580 
2.785973 0.030353 -0.000220 0.999539 
2.825181 0.031796 -0.000229 0.999494 
2.864390 0.033308 -0.000237 0.999445 
2.903598 0.034893 -0.000246 0.999391 
2.942807 0.036554 -0.000255 0.999332 
2.982016 0.038296 -0.000264 0.999266 
3.021224 0.040123 -0.000274 0.999195 
3.060433 0.042037 -0.000284 0.999116 
3.099642 0.044045 -0.000294 0.999030 
3.138850 0.046150 -0.000304 0.998934 
3.178059 0.048358 -0.000315 0.998830 
3.217267 0.050673 -0.000326 0.998715 
3.256476 0.053101 -0.000337 0.998589 
3.295685 0.055647 -0.000348 0.998450 
3.334893 0.058318 -0.000360 0.998298 
3.374102 0.061119 -0.000372 0.998130 
3.413311 0.064057 -0.000384 0.997946 
3.452519 0.067140 -0.000396 0.997744 
3.491728 0.070373 -0.000408 0.997521 
3.530936 0.073765 -0.000421 0.997276 
3.570145 0.077323 -0.000433 0.997006 
3.609354 0.081056 -0.000446 0.996709 
3.648562 0.084973 -0.000459 0.996383 
3.687771 0.089082 -0.000472 0.996024 
3.726980 0.093393 -0.000485 0.995629 
3.766188 0.097916 -0.000499 0.995195 
3.805397 0.102663 -0.000512 0.994716 
3.844606 0.107643 -0.000526 0.994190 
3.883814 0.112868 -0.000540 0.993610 
3.923023 0.118350 -0.000554 0.992972 
3.962231 0.124103 -0.000568 0.992269 
4.001440 0.130139 -0.000582 0.991496 
4.040649 0.136471 -0.000597 0.990644 
4.079857 0.143116 -0.000611 0.989706 
4.119066 0.150086 -0.000626 0.988673 
4.158275 0.157399 -0.000641 0.987535 
4.197483 0.165070 -0.000656 0.986282 
4.236692 0.173117 -0.000671 0.984901 
4.275900 0.181556 -0.000687 0.983380 
4.315109 0.190406 -0.000703 0.981705 
4.354318 0.199686 -0.000718 0.979860 
4.393526 0.209415 -0.000735 0.977827 
4.432735 0.219613 -0.000751 0.975587 
4.471944 0.230301 -0.000768 0.973119 
4.511152 0.241499 -0.000784 0.970401 
4.550361 0.253227 -0.000802 0.967406 
4.589569 0.265509 -0.000819 0.964108 
4.628778 0.278364 -0.000837 0.960475 
4.667987 0.291815 -0.000855 0.956474 
4.707195 0.305882 -0.000873 0.952069 
4.746404 0.320587 -0.000892 0.947219 
4.785613 0.335948 -0.000911 0.941880 
4.824821 0.351984 -0.000931 0.936006 
4.864030 0.368713 -0.000951 0.929543 
4.903238 0.386150 -0.000971 0.922436 
4.942447 0.404307 -0.000991 0.914623 
4.981656 0.423195 -0.001012 0.906038 
5.020864 0.442818 -0.001034 0.896611 
5.060073 0.463179 -0.001056 0.886264 
5.099282 0.484273 -0.001078 0.874916 
5.138490 0.506090 -0.001100 0.862480 
5.177699 0.528612 -0.001123 0.848863 
5.216907 0.551812 -0.001146 0.833968 
5.256116 0.575654 -0.001170 0.817693 
5.295325 0.600090 -0.001194 0.799932 
5.334533 0.625059 -0.001217 0.780576 
5.373742 0.650488 -0.001241 0.759516 
5.412951 0.676285 -0.001266 0.736639 
5.452159 0.702345 -0.001290 0.711836 
5.491368 0.728542 -0.001313 0.685000 
5.530576 0.754732 -0.001337 0.656032 
5.569785 0.780752 -0.001360 0.624839 
5.608994 0.806419 -0.001383 0.591343 
5.648202 0.831528 -0.001405 0.555481 
5.687411 0.855859 -0.001426 0.517208 
5.726620 0.879171 -0.001446 0.476504 
5.765828 0.901211 -0.001464 0.433378 
5.805037 0.921714 -0.001481 0.387867 
5.844246 0.940407 -0.001496 0.340046 
5.883454 0.957018 -0.001510 0.290026 
5.922663 0.971275 -0.001521 0.237956 
5.961871 0.982920 -0.001529 0.184025 
6.001080 0.991713 -0.001535 0.128464 
6.040289 0.997437 -0.001539 0.071538 
6.079497 0.999907 -0.001539 0.013547 
6.118706 0.998978 -0.001536 -0.045182 
