0.237412 -0.029427 -0.000087 0.999567 
0.276620 -0.024503 -0.000092 0.999700 
0.315829 -0.020741 -0.000096 0.999785 
0.355038 -0.017765 -0.000101 0.999842 
0.394246 -0.015347 -0.000105 0.999882 
0.433455 -0.013340 -0.000109 0.999911 
0.472664 -0.011643 -0.000113 0.999932 
0.511872 -0.010186 -0.000116 0.999948 
0.551081 -0.008921 -0.000119 0.999960 
0.590289 -0.007808 -0.000121 0.999970 
0.629498 -0.006820 -0.000123 0.999977 
0.668707 -0.005935 -0.000124 0.999982 
0.707915 -0.005135 -0.000125 0.999987 
0.747124 -0.004407 -0.000126 0.999990 
0.786333 -0.003740 -0.000126 0.999993 
0.825541 -0.003124 -0.000126 0.999995 
0.864750 -0.002552 -0.000126 0.999997 
0.903958 -0.002017 -0.000125 0.999998 
0.943167 -0.001514 -0.000124 0.999999 
0.982376 -0.001038 -0.000123 0.999999 
1.021584 -0.000586 -0.000121 1.000000 
1.060793 -0.000153 -0.000119 1.000000 
1.100002 0.000264 -0.000117 1.000000 
1.139210 0.000667 -0.000115 1.000000 
1.178419 0.001058 -0.000113 0.999999 
1.217627 0.001441 -0.000110 0.999999 
1.256836 0.001816 -0.000108 0.999998 
1.296045 0.002186 -0.000105 0.999998 
1.335253 0.002553 -0.000102 0.999997 
1.374462 0.002918 -0.000100 0.999996 
1.413671 0.003283 -0.000097 0.999995 
1.452879 0.003648 -0.000094 0.999993 
1.492088 0.004016 -0.000091 0.999992 
1.531296 0.004388 -0.000089 0.999990 
1.570505 0.004765 -0.000086 0.999989 
1.609714 0.005147 -0.000084 0.999987 
1.648922 0.005537 -0.000082 0.999985 
1.688131 0.005936 -0.000080 0.999982 
1.727340 0.006344 -0.000078 0.999980 
1.766548 0.006763 -0.000076 0.999977 
1.805757 0.007195 -0.000074 0.999974 
1.844966 0.007639 -0.000073 0.999971 
1.884174 0.008098 -0.000072 0.999967 
1.923383 0.008572 -0.000071 0.999963 
1.962591 0.009063 -0.000071 0.999959 
2.001800 0.009572 -0.000070 0.999954 
2.041009 0.010101 -0.000070 0.999949 
2.080217 0.010650 -0.000070 0.999943 
2.119426 0.011221 -0.000071 0.999937 
2.158635 0.011816 -0.000072 0.999930 
2.197843 0.012435 -0.000073 0.999923 
2.237052 0.013081 -0.000074 0.999914 
2.276260 0.013754 -0.000076 0.999905 
2.315469 0.014458 -0.000078 0.999895 
2.354678 0.015192 -0.000081 0.999885 
2.393886 0.015959 -0.000083 0.999873 
2.433095 0.016761 -0.000086 0.999860 
2.472304 0.017600 -0.000089 0.999845 
2.511512 0.018477 -0.000093 0.999829 
2.550721 0.019395 -0.000097 0.999812 
2.589929 0.020356 -0.000101 0.999793 
2.629138 0.021362 -0.000106 0.999772 
2.668347 0.022416 -0.000111 0.999749 
2.707555 0.023519 -0.000116 0.999723 
2.746764 0.024676 -0.000121 0.999696 
2.785973 0.025887 -0.000127 0.999665 
2.825181 0.027157 -0.000133 0.999631 
2.864390 0.028488 -0.000139 0.999594 
2.903598 0.029883 -0.000145 0.999553 
2.942807 0.031346 -0.000152 0.999509 
2.982016 0.032881 -0.000159 0.999459 
3.021224 0.034489 -0.000166 0.999405 
3.060433 0.036177 -0.000173 0.999345 
3.099642 0.037947 -0.000180 0.999280 
3.138850 0.039804 -0.000188 0.999208 
3.178059 0.041752 -0.000196 0.999128 
3.217267 0.043795 -0.000204 0.999041 
3.256476 0.045940 -0.000212 0.998944 
3.295685 0.048190 -0.000220 0.998838 
3.334893 0.050552 -0.000228 0.998721 
3.374102 0.053031 -0.000236 0.998593 
3.413311 0.055632 -0.000245 0.998451 
3.452519 0.058363 -0.000253 0.998295 
3.491728 0.061229 -0.000262 0.998124 
3.530936 0.064238 -0.000270 0.997935 
3.570145 0.067396 -0.000279 0.997726 
3.609354 0.070712 -0.000287 0.997497 
3.648562 0.074194 -0.000296 0.997244 
3.687771 0.077849 -0.000305 0.996965 
3.726980 0.081687 -0.000313 0.996658 
3.766188 0.085717 -0.000322 0.996319 
3.805397 0.089948 -0.000330 0.995946 
3.844606 0.094392 -0.000339 0.995535 
3.883814 0.099058 -0.000347 0.995082 
3.923023 0.103958 -0.000356 0.994582 
3.962231 0.109103 -0.000364 0.994030 
4.001440 0.114506 -0.000373 0.993422 
4.040649 0.120180 -0.000381 0.992752 
4.079857 0.126138 -0.000390 0.992013 
4.119066 0.132395 -0.000398 0.991197 
4.158275 0.138965 -0.000406 0.990297 
4.197483 0.145864 -0.000414 0.989305 
4.236692 0.153107 -0.000423 0.988210 
4.275900 0.160712 -0.000431 0.987001 
4.315109 0.168696 -0.000439 0.985668 
4.354318 0.177076 -0.000447 0.984197 
4.393526 0.185873 -0.000455 0.982574 
4.432735 0.195104 -0.000464 0.980782 
4.471944 0.204791 -0.000472 0.978806 
4.511152 0.214954 -0.000480 0.976624 
4.550361 0.225614 -0.000488 0.974217 
4.589569 0.236793 -0.000497 0.971560 
4.628778 0.248512 -0.000505 0.968629 
4.667987 0.260795 -0.000514 0.965394 
4.707195 0.273663 -0.000522 0.961825 
4.746404 0.287139 -0.000531 0.957889 
4.785613 0.301246 -0.000540 0.953546 
4.824821 0.316005 -0.000549 0.948757 
4.864030 0.331437 -0.000558 0.943477 
4.903238 0.347562 -0.000567 0.937657 
4.942447 0.364398 -0.000576 0.931243 
4.981656 0.381963 -0.000585 0.924177 
5.020864 0.400270 -0.000595 0.916397 
5.060073 0.419331 -0.000605 0.907833 
5.099282 0.439151 -0.000615 0.898413 
5.138490 0.459735 -0.000625 0.888056 
5.177699 0.481077 -0.000635 0.876678 
5.216907 0.503170 -0.000645 0.864187 
5.256116 0.525994 -0.000656 0.850488 
5.295325 0.549524 -0.000666 0.835478 
5.334533 0.573722 -0.000677 0.819050 
5.373742 0.598539 -0.000688 0.801093 
5.412951 0.623913 -0.000699 0.781493 
5.452159 0.649768 -0.000710 0.760133 
5.491368 0.676008 -0.000720 0.736894 
5.530576 0.702522 -0.000731 0.711662 
5.569785 0.729180 -0.000742 0.684322 
5.608994 0.755830 -0.000752 0.654768 
5.648202 0.782299 -0.000762 0.622903 
5.687411 0.808393 -0.000772 0.588642 
5.726620 0.833898 -0.000782 0.551919 
5.765828 0.858576 -0.000790 0.512685 
5.805037 0.882175 -0.000798 0.470921 
5.844246 0.904424 -0.000806 0.426634 
5.883454 0.925041 -0.000812 0.379867 
5.922663 0.943736 -0.000818 0.330698 
5.961871 0.960218 -0.000822 0.279249 
6.001080 0.974201 -0.000825 0.225681 
6.040289 0.985409 -0.000827 0.170199 
6.079497 0.993589 -0.000827 0.113049 
6.118706 0.998512 -0.000825 0.054519 
