0.237412 -0.159375 0.000033 0.987218 
0.276620 -0.133134 0.000034 0.991098 
0.315829 -0.113015 0.000036 0.993593 
0.355038 -0.097121 0.000039 0.995273 
0.394246 -0.084271 0.000041 0.996443 
0.433455 -0.073690 0.000044 0.997281 
0.472664 -0.064848 0.000046 0.997895 
0.511872 -0.057368 0.000049 0.998353 
0.551081 -0.050978 0.000052 0.998700 
0.590289 -0.045471 0.000054 0.998966 
0.629498 -0.040691 0.000057 0.999172 
0.668707 -0.036515 0.000059 0.999333 
0.707915 -0.032848 0.000062 0.999460 
0.747124 -0.029612 0.000064 0.999561 
0.786333 -0.026744 0.000067 0.999642 
0.825541 -0.024193 0.000069 0.999707 
0.864750 -0.021916 0.000071 0.999760 
0.903958 -0.019877 0.000073 0.999802 
0.943167 -0.018047 0.000075 0.999837 
0.982376 -0.016400 0.000076 0.999866 
1.021584 -0.014914 0.000078 0.999889 
1.060793 -0.013570 0.000079 0.999908 
1.100002 -0.012353 0.000080 0.999924 
1.139210 -0.011247 0.000080 0.999937 
1.178419 -0.010242 0.000081 0.999948 
1.217627 -0.009326 0.000081 0.999957 
1.256836 -0.008489 0.000080 0.999964 
1.296045 -0.007724 0.000080 0.999970 
1.335253 -0.007023 0.000079 0.999975 
1.374462 -0.006380 0.000078 0.999980 
1.413671 -0.005788 0.000076 0.999983 
1.452879 -0.005242 0.000074 0.999986 
1.492088 -0.004738 0.000072 0.999989 
1.531296 -0.004271 0.000069 0.999991 
1.570505 -0.003838 0.000066 0.999993 
1.609714 -0.003436 0.000063 0.999994 
1.648922 -0.003060 0.000060 0.999995 
1.688131 -0.002709 0.000056 0.999996 
1.727340 -0.002379 0.000052 0.999997 
1.766548 -0.002068 0.000048 0.999998 
1.805757 -0.001774 0.000043 0.999998 
1.844966 -0.001495 0.000038 0.999999 
1.884174 -0.001229 0.000033 0.999999 
1.923383 -0.000975 0.000028 1.000000 
1.962591 -0.000730 0.000023 1.000000 
2.001800 -0.000494 0.000018 1.000000 
2.041009 -0.000264 0.000013 1.000000 
2.080217 -0.000040 0.000007 1.000000 
2.119426 0.000180 0.000002 1.000000 
2.158635 0.000398 -0.000004 1.000000 
2.197843 0.000614 -0.000009 1.000000 
2.237052 0.000829 -0.000014 1.000000 
2.276260 0.001044 -0.000019 0.999999 
2.315469 0.001262 -0.000024 0.999999 
2.354678 0.001482 -0.000029 0.999999 
2.393886 0.001706 -0.000034 0.999999 
2.433095 0.001935 -0.000039 0.999998 
2.472304 0.002170 -0.000043 0.999998 
2.511512 0.002412 -0.000047 0.999997 
2.550721 0.002662 -0.000051 0.999996 
2.589929 0.002921 -0.000055 0.999996 
2.629138 0.003190 -0.000058 0.999995 
2.668347 0.003471 -0.000061 0.999994 
2.707555 0.003764 -0.000064 0.999993 
2.746764 0.004072 -0.000066 0.999992 
2.785973 0.004394 -0.000069 0.999990 
2.825181 0.004733 -0.000071 0.999989 
2.864390 0.005089 -0.000072 0.999987 
2.903598 0.005465 -0.000074 0.999985 
2.942807 0.005861 -0.000075 0.999983 
2.982016 0.006279 -0.000075 0.999980 
3.021224 0.006722 -0.000076 0.999977 
3.060433 0.007189 -0.000076 0.999974 
3.099642 0.007685 -0.000076 0.999970 
3.138850 0.008210 -0.000076 0.999966 
3.178059 0.008766 -0.000075 0.999962 
3.217267 0.009356 -0.000074 0.999956 
3.256476 0.009981 -0.000073 0.999950 
3.295685 0.010645 -0.000072 0.999943 
3.334893 0.011350 -0.000071 0.999936 
3.374102 0.012099 -0.000069 0.999927 
3.413311 0.012894 -0.000067 0.999917 
3.452519 0.013739 -0.000065 0.999906 
3.491728 0.014637 -0.000063 0.999893 
3.530936 0.015592 -0.000061 0.999878 
3.570145 0.016607 -0.000059 0.999862 
3.609354 0.017686 -0.000056 0.999844 
3.648562 0.018834 -0.000054 0.999823 
3.687771 0.020055 -0.000051 0.999799 
3.726980 0.021354 -0.000048 0.999772 
3.766188 0.022737 -0.000046 0.999741 
3.805397 0.024207 -0.000043 0.999707 
3.844606 0.025773 -0.000040 0.999668 
3.883814 0.027439 -0.000037 0.999623 
3.923023 0.029212 -0.000034 0.999573 
3.962231 0.031100 -0.000031 0.999516 
4.001440 0.033110 -0.000028 0.999452 
4.040649 0.035250 -0.000026 0.999379 
4.079857 0.037529 -0.000023 0.999296 
4.119066 0.039955 -0.000020 0.999201 
4.158275 0.042539 -0.000017 0.999095 
4.197483 0.045291 -0.000015 0.998974 
4.236692 0.048222 -0.000012 0.998837 
4.275900 0.051344 -0.000010 0.998681 
4.315109 0.054669 -0.000008 0.998505 
4.354318 0.058212 -0.000005 0.998304 
4.393526 0.061985 -0.000003 0.998077 
4.432735 0.066005 -0.000001 0.997819 
4.471944 0.070287 0.000001 0.997527 
4.511152 0.074850 0.000003 0.997195 
4.550361 0.079710 0.000005 0.996818 
4.589569 0.084888 0.000007 0.996390 
4.628778 0.090405 0.000008 0.995905 
4.667987 0.096282 0.000010 0.995354 
4.707195 0.102544 0.000011 0.994728 
4.746404 0.109215 0.000013 0.994018 
4.785613 0.116321 0.000014 0.993212 
4.824821 0.123890 0.000015 0.992296 
4.864030 0.131952 0.000016 0.991256 
4.903238 0.140539 0.000018 0.990075 
4.942447 0.149684 0.000019 0.988734 
4.981656 0.159421 0.000020 0.987211 
5.020864 0.169786 0.000021 0.985481 
5.060073 0.180820 0.000021 0.983516 
5.099282 0.192560 0.000022 0.981285 
5.138490 0.205050 0.000023 0.978751 
5.177699 0.218333 0.000024 0.975874 
5.216907 0.232453 0.000025 0.972608 
5.256116 0.247457 0.000025 0.968899 
5.295325 0.263391 0.000026 0.964689 
5.334533 0.280303 0.000027 0.959912 
5.373742 0.298238 0.000027 0.954491 
5.412951 0.317245 0.000028 0.948344 
5.452159 0.337366 0.000028 0.941374 
5.491368 0.358643 0.000029 0.933475 
5.530576 0.381114 0.000030 0.924528 
5.569785 0.404809 0.000030 0.914401 
5.608994 0.429751 0.000031 0.902948 
5.648202 0.455952 0.000031 0.890004 
5.687411 0.483413 0.000031 0.875392 
5.726620 0.512115 0.000032 0.858917 
5.765828 0.542020 0.000032 0.840365 
5.805037 0.573065 0.000033 0.819510 
5.844246 0.605156 0.000033 0.796107 
5.883454 0.638165 0.000033 0.769899 
5.922663 0.671921 0.000033 0.740622 
5.961871 0.706208 0.000033 0.708005 
6.001080 0.740754 0.000034 0.671777 
6.040289 0.775230 0.000034 0.631679 
6.079497 0.809245 0.000034 0.587471 
6.118706 0.842341 0.000034 0.538946 
