0.237412 -0.067086 -0.001591 0.997746 
0.276620 -0.034436 -0.001668 0.999406 
0.315829 -0.006773 -0.001765 0.999976 
0.355038 0.017554 -0.001874 0.999844 
0.394246 0.039574 -0.001994 0.999215 
0.433455 0.059971 -0.002121 0.998198 
0.472664 0.079221 -0.002255 0.996855 
0.511872 0.097668 -0.002394 0.995216 
0.551081 0.115572 -0.002538 0.993296 
0.590289 0.133134 -0.002686 0.991094 
0.629498 0.150517 -0.002839 0.988603 
0.668707 0.167854 -0.002995 0.985807 
0.707915 0.185257 -0.003155 0.982685 
0.747124 0.202822 -0.003319 0.979210 
0.786333 0.220636 -0.003487 0.975350 
0.825541 0.238772 -0.003660 0.971069 
0.864750 0.257301 -0.003836 0.966324 
0.903958 0.276283 -0.004017 0.961068 
0.943167 0.295775 -0.004202 0.955248 
0.982376 0.315829 -0.004393 0.948806 
1.021584 0.336492 -0.004588 0.941675 
1.060793 0.357806 -0.004788 0.933784 
1.100002 0.379808 -0.004993 0.925052 
1.139210 0.402529 -0.005204 0.915393 
1.178419 0.425993 -0.005421 0.904710 
1.217627 0.450219 -0.005643 0.892901 
1.256836 0.475213 -0.005872 0.879851 
1.296045 0.500975 -0.006106 0.865440 
1.335253 0.527489 -0.006347 0.849538 
1.374462 0.554729 -0.006593 0.832005 
1.413671 0.582649 -0.006846 0.812695 
1.452879 0.611187 -0.007104 0.791454 
1.492088 0.640259 -0.007368 0.768124 
1.531296 0.669755 -0.007637 0.742543 
1.570505 0.699541 -0.007910 0.714549 
1.609714 0.729453 -0.008186 0.683982 
1.648922 0.759296 -0.008466 0.650690 
1.688131 0.788840 -0.008746 0.614536 
1.727340 0.817823 -0.009027 0.575398 
1.766548 0.845948 -0.009306 0.533184 
1.805757 0.872886 -0.009581 0.487830 
1.844966 0.898277 -0.009851 0.439319 
1.884174 0.921739 -0.010113 0.387678 
1.923383 0.942872 -0.010364 0.332995 
1.962591 0.961267 -0.010602 0.275416 
2.001800 0.976519 -0.010824 0.215159 
2.041009 0.988241 -0.011028 0.152508 
2.080217 0.996073 -0.011210 0.087819 
2.119426 0.999704 -0.011369 0.021512 
2.158635 0.998878 -0.011502 -0.045937 
2.197843 0.993412 -0.011608 -0.114004 
2.237052 0.983204 -0.011684 -0.182134 
2.276260 0.968237 -0.011732 -0.249758 
2.315469 0.948584 -0.011749 -0.316307 
2.354678 0.924403 -0.011737 -0.381236 
2.393886 0.895933 -0.011697 -0.444036 
2.433095 0.863480 -0.011630 -0.504249 
2.472304 0.827407 -0.011538 -0.561484 
2.511512 0.788118 -0.011424 -0.615418 
2.550721 0.746039 -0.011289 -0.665806 
2.589929 0.701608 -0.011138 -0.712476 
2.629138 0.655255 -0.010972 -0.755328 
2.668347 0.607393 -0.010795 -0.794328 
2.707555 0.558408 -0.010610 -0.829499 
2.746764 0.508648 -0.010420 -0.860911 
2.785973 0.458425 -0.010227 -0.888674 
2.825181 0.408005 -0.010033 -0.912925 
2.864390 0.357612 -0.009841 -0.933818 
2.903598 0.307427 -0.009653 -0.951523 
2.942807 0.257593 -0.009470 -0.966207 
2.982016 0.208216 -0.009294 -0.978039 
3.021224 0.159367 -0.009126 -0.987177 
3.060433 0.111091 -0.008967 -0.993770 
3.099642 0.063410 -0.008819 -0.997949 
3.138850 0.016323 -0.008681 -0.999829 
3.178059 -0.030185 -0.008555 -0.999508 
3.217267 -0.076139 -0.008440 -0.997062 
3.256476 -0.121573 -0.008338 -0.992547 
3.295685 -0.166527 -0.008247 -0.986002 
3.334893 -0.211039 -0.008169 -0.977444 
3.374102 -0.255144 -0.008103 -0.966869 
3.413311 -0.298875 -0.008049 -0.954258 
3.452519 -0.342253 -0.008007 -0.939574 
3.491728 -0.385288 -0.007976 -0.922762 
3.530936 -0.427976 -0.007956 -0.903755 
3.570145 -0.470295 -0.007946 -0.882474 
3.609354 -0.512204 -0.007946 -0.858827 
3.648562 -0.553639 -0.007955 -0.832719 
3.687771 -0.594510 -0.007972 -0.804048 
3.726980 -0.634703 -0.007997 -0.772715 
3.766188 -0.674072 -0.008027 -0.738622 
3.805397 -0.712443 -0.008062 -0.701684 
3.844606 -0.749612 -0.008102 -0.661828 
3.883814 -0.785345 -0.008143 -0.619005 
3.923023 -0.819381 -0.008185 -0.573191 
3.962231 -0.851434 -0.008227 -0.524397 
4.001440 -0.881200 -0.008266 -0.472672 
4.040649 -0.908357 -0.008302 -0.418112 
4.079857 -0.932581 -0.008331 -0.360864 
4.119066 -0.953548 -0.008354 -0.301127 
4.158275 -0.970946 -0.008367 -0.239154 
4.197483 -0.984487 -0.008371 -0.175256 
4.236692 -0.993920 -0.008362 -0.109791 
4.275900 -0.999033 -0.008341 -0.043166 
4.315109 -0.999673 -0.008307 0.024175 
4.354318 -0.995747 -0.008258 0.091761 
4.393526 -0.987228 -0.008195 0.159105 
4.432735 -0.974158 -0.008118 0.225720 
4.471944 -0.956651 -0.008026 0.291127 
4.511152 -0.934881 -0.007920 0.354873 
4.550361 -0.909084 -0.007802 0.416540 
4.589569 -0.879545 -0.007671 0.475755 
4.628778 -0.846586 -0.007530 0.532198 
4.667987 -0.810561 -0.007380 0.585607 
4.707195 -0.771837 -0.007222 0.635780 
4.746404 -0.730786 -0.007057 0.682571 
4.785613 -0.687775 -0.006888 0.725892 
4.824821 -0.643156 -0.006715 0.765706 
4.864030 -0.597261 -0.006541 0.802020 
4.903238 -0.550393 -0.006366 0.834882 
4.942447 -0.502822 -0.006191 0.864368 
4.981656 -0.454789 -0.006019 0.890579 
5.020864 -0.406497 -0.005849 0.913634 
5.060073 -0.358116 -0.005683 0.933660 
5.099282 -0.309785 -0.005522 0.950791 
5.138490 -0.261612 -0.005366 0.965158 
5.177699 -0.213678 -0.005216 0.976890 
5.216907 -0.166038 -0.005072 0.986106 
5.256116 -0.118727 -0.004935 0.992915 
5.295325 -0.071763 -0.004805 0.997410 
5.334533 -0.025148 -0.004682 0.999673 
5.373742 0.021127 -0.004566 0.999766 
5.412951 0.067077 -0.004458 0.997738 
5.452159 0.112725 -0.004357 0.993617 
5.491368 0.158092 -0.004263 0.987415 
5.530576 0.203201 -0.004178 0.979128 
5.569785 0.248068 -0.004099 0.968734 
5.608994 0.292705 -0.004028 0.956194 
5.648202 0.337109 -0.003963 0.941457 
5.687411 0.381270 -0.003906 0.924455 
5.726620 0.425158 -0.003855 0.905111 
5.765828 0.468725 -0.003810 0.883336 
5.805037 0.511904 -0.003771 0.859034 
5.844246 0.554603 -0.003738 0.832107 
5.883454 0.596704 -0.003710 0.802453 
5.922663 0.638063 -0.003687 0.769976 
5.961871 0.678505 -0.003669 0.734587 
6.001080 0.717828 -0.003654 0.696211 
6.040289 0.755799 -0.003643 0.654793 
6.079497 0.792160 -0.003634 0.610303 
6.118706 0.826625 -0.003628 0.562742 
