0.237412 -0.092557 -0.004461 0.995697 
0.276620 -0.058766 -0.004673 0.998261 
0.315829 -0.030554 -0.004929 0.999521 
0.355038 -0.006106 -0.005218 0.999968 
0.394246 0.015712 -0.005531 0.999861 
0.433455 0.035653 -0.005863 0.999347 
0.472664 0.054238 -0.006214 0.998509 
0.511872 0.071843 -0.006580 0.997394 
0.551081 0.088752 -0.006961 0.996029 
0.590289 0.105182 -0.007357 0.994426 
0.629498 0.121306 -0.007767 0.992585 
0.668707 0.137266 -0.008193 0.990500 
0.707915 0.153182 -0.008634 0.988160 
0.747124 0.169153 -0.009090 0.985548 
0.786333 0.185270 -0.009563 0.982641 
0.825541 0.201610 -0.010053 0.979414 
0.864750 0.218244 -0.010561 0.975837 
0.903958 0.235236 -0.011088 0.971875 
0.943167 0.252647 -0.011634 0.967488 
0.982376 0.270532 -0.012201 0.962634 
1.021584 0.288941 -0.012788 0.957261 
1.060793 0.307923 -0.013399 0.951317 
1.100002 0.327521 -0.014032 0.944740 
1.139210 0.347777 -0.014690 0.937462 
1.178419 0.368725 -0.015373 0.929411 
1.217627 0.390399 -0.016083 0.920505 
1.256836 0.412824 -0.016820 0.910655 
1.296045 0.436020 -0.017585 0.899765 
1.335253 0.460001 -0.018380 0.887728 
1.374462 0.484769 -0.019204 0.874431 
1.413671 0.510319 -0.020059 0.859751 
1.452879 0.536632 -0.020945 0.843557 
1.492088 0.563675 -0.021863 0.825707 
1.531296 0.591399 -0.022812 0.806057 
1.570505 0.619736 -0.023793 0.784450 
1.609714 0.648595 -0.024804 0.760729 
1.648922 0.677864 -0.025844 0.734733 
1.688131 0.707402 -0.026912 0.706299 
1.727340 0.737038 -0.028005 0.675271 
1.766548 0.766570 -0.029122 0.641500 
1.805757 0.795764 -0.030257 0.604851 
1.844966 0.824351 -0.031406 0.565207 
1.884174 0.852029 -0.032564 0.522481 
1.923383 0.878464 -0.033725 0.476617 
1.962591 0.903293 -0.034881 0.427604 
2.001800 0.926131 -0.036025 0.375479 
2.041009 0.946575 -0.037147 0.320337 
2.080217 0.964219 -0.038239 0.262335 
2.119426 0.978659 -0.039290 0.201700 
2.158635 0.989511 -0.040291 0.138725 
2.197843 0.996422 -0.041233 0.073774 
2.237052 0.999087 -0.042105 0.007273 
2.276260 0.997258 -0.042900 -0.060296 
2.315469 0.990762 -0.043611 -0.128405 
2.354678 0.979506 -0.044232 -0.196500 
2.393886 0.963481 -0.044760 -0.264011 
2.433095 0.942768 -0.045193 -0.330373 
2.472304 0.917533 -0.045531 -0.395045 
2.511512 0.888019 -0.045777 -0.457523 
2.550721 0.854535 -0.045936 -0.517358 
2.589929 0.817447 -0.046013 -0.574163 
2.629138 0.777155 -0.046016 -0.627624 
2.668347 0.734086 -0.045955 -0.677499 
2.707555 0.688672 -0.045838 -0.723623 
2.746764 0.641338 -0.045677 -0.765898 
2.785973 0.592492 -0.045481 -0.804292 
2.825181 0.542513 -0.045262 -0.838827 
2.864390 0.491745 -0.045029 -0.869574 
2.903598 0.440491 -0.044793 -0.896639 
2.942807 0.389014 -0.044561 -0.920153 
2.982016 0.337533 -0.044344 -0.940269 
3.021224 0.286225 -0.044148 -0.957145 
3.060433 0.235229 -0.043980 -0.970945 
3.099642 0.184648 -0.043846 -0.981826 
3.138850 0.134555 -0.043751 -0.989940 
3.178059 0.084993 -0.043699 -0.995423 
3.217267 0.035986 -0.043695 -0.998397 
3.256476 -0.012464 -0.043741 -0.998965 
3.295685 -0.060368 -0.043839 -0.997213 
3.334893 -0.107745 -0.043991 -0.993205 
3.374102 -0.154622 -0.044198 -0.986984 
3.413311 -0.201029 -0.044461 -0.978576 
3.452519 -0.246990 -0.044779 -0.967983 
3.491728 -0.292529 -0.045152 -0.955190 
3.530936 -0.337658 -0.045578 -0.940165 
3.570145 -0.382380 -0.046056 -0.922857 
3.609354 -0.426680 -0.046583 -0.903202 
3.648562 -0.470528 -0.047157 -0.881124 
3.687771 -0.513871 -0.047772 -0.856536 
3.726980 -0.556635 -0.048426 -0.829345 
3.766188 -0.598716 -0.049112 -0.799454 
3.805397 -0.639985 -0.049825 -0.766770 
3.844606 -0.680284 -0.050558 -0.731203 
3.883814 -0.719421 -0.051303 -0.692676 
3.923023 -0.757178 -0.052052 -0.651131 
3.962231 -0.793304 -0.052795 -0.606532 
4.001440 -0.827523 -0.053524 -0.558874 
4.040649 -0.859536 -0.054226 -0.508190 
4.079857 -0.889025 -0.054891 -0.454556 
4.119066 -0.915663 -0.055508 -0.398095 
4.158275 -0.939119 -0.056065 -0.338986 
4.197483 -0.959071 -0.056552 -0.277462 
4.236692 -0.975213 -0.056957 -0.213811 
4.275900 -0.987271 -0.057271 -0.148377 
4.315109 -0.995010 -0.057485 -0.081554 
4.354318 -0.998245 -0.057592 -0.013777 
4.393526 -0.996853 -0.057587 0.054484 
4.432735 -0.990774 -0.057466 0.122738 
4.471944 -0.980021 -0.057228 0.190485 
4.511152 -0.964675 -0.056874 0.257232 
4.550361 -0.944887 -0.056406 0.322501 
4.589569 -0.920872 -0.055830 0.385847 
4.628778 -0.892898 -0.055153 0.446869 
4.667987 -0.861278 -0.054382 0.505215 
4.707195 -0.826362 -0.053528 0.560590 
4.746404 -0.788517 -0.052601 0.612759 
4.785613 -0.748123 -0.051612 0.661549 
4.824821 -0.705558 -0.050572 0.706845 
4.864030 -0.661188 -0.049493 0.748586 
4.903238 -0.615360 -0.048387 0.786759 
4.942447 -0.568396 -0.047263 0.821397 
4.981656 -0.520584 -0.046131 0.852563 
5.020864 -0.472184 -0.045002 0.880351 
5.060073 -0.423416 -0.043882 0.904872 
5.099282 -0.374468 -0.042781 0.926252 
5.138490 -0.325493 -0.041704 0.944624 
5.177699 -0.276614 -0.040657 0.960121 
5.216907 -0.227922 -0.039645 0.972872 
5.256116 -0.179484 -0.038673 0.983000 
5.295325 -0.131344 -0.037744 0.990618 
5.334533 -0.083525 -0.036861 0.995824 
5.373742 -0.036037 -0.036025 0.998701 
5.412951 0.011124 -0.035240 0.999317 
5.452159 0.057972 -0.034505 0.997722 
5.491368 0.104524 -0.033821 0.993947 
5.530576 0.150802 -0.033190 0.988007 
5.569785 0.196824 -0.032610 0.979896 
5.608994 0.242606 -0.032082 0.969594 
5.648202 0.288157 -0.031604 0.957061 
5.687411 0.333474 -0.031175 0.942244 
5.726620 0.378541 -0.030795 0.925072 
5.765828 0.423327 -0.030461 0.905465 
5.805037 0.467779 -0.030171 0.883330 
5.844246 0.511824 -0.029922 0.858569 
5.883454 0.555363 -0.029713 0.831077 
5.922663 0.598270 -0.029539 0.800750 
5.961871 0.640390 -0.029399 0.767487 
6.001080 0.681538 -0.029287 0.731197 
6.040289 0.721495 -0.029200 0.691804 
6.079497 0.760016 -0.029133 0.649251 
6.118706 0.796823 -0.029083 0.603512 
