0.237412 0.019150 -0.000153 0.999817 
0.276620 0.016306 -0.000162 0.999867 
0.315829 0.014188 -0.000169 0.999899 
0.355038 0.012560 -0.000176 0.999921 
0.394246 0.011279 -0.000182 0.999936 
0.433455 0.010255 -0.000187 0.999947 
0.472664 0.009426 -0.000192 0.999956 
0.511872 0.008750 -0.000195 0.999962 
0.551081 0.008194 -0.000198 0.999966 
0.590289 0.007738 -0.000201 0.999970 
0.629498 0.007364 -0.000203 0.999973 
0.668707 0.007058 -0.000205 0.999975 
0.707915 0.006811 -0.000206 0.999977 
0.747124 0.006615 -0.000207 0.999978 
0.786333 0.006464 -0.000208 0.999979 
0.825541 0.006351 -0.000208 0.999980 
0.864750 0.006274 -0.000208 0.999980 
0.903958 0.006229 -0.000208 0.999981 
0.943167 0.006212 -0.000208 0.999981 
0.982376 0.006223 -0.000208 0.999981 
1.021584 0.006258 -0.000207 0.999980 
1.060793 0.006317 -0.000206 0.999980 
1.100002 0.006398 -0.000206 0.999980 
1.139210 0.006500 -0.000205 0.999979 
1.178419 0.006623 -0.000204 0.999978 
1.217627 0.006766 -0.000203 0.999977 
1.256836 0.006928 -0.000202 0.999976 
1.296045 0.007109 -0.000201 0.999975 
1.335253 0.007309 -0.000201 0.999973 
1.374462 0.007527 -0.000200 0.999972 
1.413671 0.007765 -0.000199 0.999970 
1.452879 0.008022 -0.000199 0.999968 
1.492088 0.008297 -0.000198 0.999966 
1.531296 0.008593 -0.000198 0.999963 
1.570505 0.008908 -0.000198 0.999960 
1.609714 0.009243 -0.000198 0.999957 
1.648922 0.009599 -0.000199 0.999954 
1.688131 0.009976 -0.000199 0.999950 
1.727340 0.010375 -0.000200 0.999946 
1.766548 0.010797 -0.000201 0.999942 
1.805757 0.011243 -0.000203 0.999937 
1.844966 0.011712 -0.000205 0.999931 
1.884174 0.012207 -0.000207 0.999925 
1.923383 0.012727 -0.000209 0.999919 
1.962591 0.013275 -0.000212 0.999912 
2.001800 0.013851 -0.000215 0.999904 
2.041009 0.014456 -0.000218 0.999895 
2.080217 0.015092 -0.000222 0.999886 
2.119426 0.015760 -0.000226 0.999876 
2.158635 0.016461 -0.000231 0.999864 
2.197843 0.017197 -0.000236 0.999852 
2.237052 0.017970 -0.000242 0.999839 
2.276260 0.018780 -0.000247 0.999824 
2.315469 0.019630 -0.000254 0.999807 
2.354678 0.020522 -0.000260 0.999789 
2.393886 0.021457 -0.000267 0.999770 
2.433095 0.022438 -0.000275 0.999748 
2.472304 0.023466 -0.000283 0.999725 
2.511512 0.024544 -0.000291 0.999699 
2.550721 0.025675 -0.000300 0.999670 
2.589929 0.026860 -0.000310 0.999639 
2.629138 0.028103 -0.000319 0.999605 
2.668347 0.029405 -0.000330 0.999568 
2.707555 0.030771 -0.000340 0.999526 
2.746764 0.032202 -0.000351 0.999481 
2.785973 0.033703 -0.000363 0.999432 
2.825181 0.035276 -0.000375 0.999378 
2.864390 0.036926 -0.000387 0.999318 
2.903598 0.038655 -0.000400 0.999253 
2.942807 0.040467 -0.000413 0.999181 
2.982016 0.042368 -0.000427 0.999102 
3.021224 0.044360 -0.000441 0.999016 
3.060433 0.046448 -0.000456 0.998921 
3.099642 0.048638 -0.000471 0.998816 
3.138850 0.050934 -0.000486 0.998702 
3.178059 0.053341 -0.000502 0.998576 
3.217267 0.055865 -0.000518 0.998438 
3.256476 0.058511 -0.000534 0.998287 
3.295685 0.061286 -0.000551 0.998120 
3.334893 0.064196 -0.000569 0.997937 
3.374102 0.067247 -0.000586 0.997736 
3.413311 0.070446 -0.000605 0.997515 
3.452519 0.073802 -0.000623 0.997273 
3.491728 0.077321 -0.000642 0.997006 
3.530936 0.081011 -0.000661 0.996713 
3.570145 0.084881 -0.000681 0.996391 
3.609354 0.088940 -0.000701 0.996037 
3.648562 0.093197 -0.000722 0.995647 
3.687771 0.097662 -0.000743 0.995219 
3.726980 0.102345 -0.000764 0.994749 
3.766188 0.107256 -0.000786 0.994231 
3.805397 0.112408 -0.000808 0.993662 
3.844606 0.117811 -0.000830 0.993036 
3.883814 0.123477 -0.000853 0.992347 
3.923023 0.129421 -0.000877 0.991589 
3.962231 0.135654 -0.000901 0.990756 
4.001440 0.142192 -0.000925 0.989839 
4.040649 0.149048 -0.000950 0.988830 
4.079857 0.156237 -0.000975 0.987719 
4.119066 0.163776 -0.001000 0.986497 
4.158275 0.171681 -0.001027 0.985152 
4.197483 0.179969 -0.001053 0.983672 
4.236692 0.188657 -0.001081 0.982042 
4.275900 0.197763 -0.001108 0.980249 
4.315109 0.207307 -0.001137 0.978275 
4.354318 0.217308 -0.001166 0.976102 
4.393526 0.227785 -0.001195 0.973711 
4.432735 0.238759 -0.001225 0.971078 
4.471944 0.250250 -0.001256 0.968181 
4.511152 0.262278 -0.001288 0.964991 
4.550361 0.274866 -0.001320 0.961482 
4.589569 0.288033 -0.001353 0.957620 
4.628778 0.301800 -0.001386 0.953370 
4.667987 0.316188 -0.001421 0.948696 
4.707195 0.331216 -0.001456 0.943554 
4.746404 0.346902 -0.001492 0.937900 
4.785613 0.363265 -0.001528 0.931685 
4.824821 0.380319 -0.001566 0.924854 
4.864030 0.398078 -0.001604 0.917350 
4.903238 0.416552 -0.001644 0.909110 
4.942447 0.435749 -0.001684 0.900067 
4.981656 0.455671 -0.001724 0.890147 
5.020864 0.476316 -0.001766 0.879273 
5.060073 0.497677 -0.001809 0.867361 
5.099282 0.519738 -0.001852 0.854323 
5.138490 0.542478 -0.001896 0.840068 
5.177699 0.565865 -0.001940 0.824495 
5.216907 0.589857 -0.001986 0.807506 
5.256116 0.614399 -0.002032 0.788993 
5.295325 0.639425 -0.002078 0.768851 
5.334533 0.664854 -0.002124 0.746970 
5.373742 0.690589 -0.002171 0.723244 
5.412951 0.716516 -0.002218 0.697567 
5.452159 0.742502 -0.002265 0.669840 
5.491368 0.768398 -0.002311 0.639968 
5.530576 0.794033 -0.002356 0.607870 
5.569785 0.819219 -0.002401 0.573476 
5.608994 0.843747 -0.002444 0.536736 
5.648202 0.867392 -0.002486 0.497619 
5.687411 0.889915 -0.002526 0.456120 
5.726620 0.911062 -0.002563 0.412262 
5.765828 0.930572 -0.002598 0.366100 
5.805037 0.948179 -0.002630 0.317725 
5.844246 0.963620 -0.002659 0.267263 
5.883454 0.976637 -0.002683 0.214881 
5.922663 0.986986 -0.002704 0.160782 
5.961871 0.994447 -0.002720 0.105207 
6.001080 0.998823 -0.002731 0.048431 
6.040289 0.999954 -0.002737 -0.009242 
6.079497 0.997717 -0.002737 -0.067482 
6.118706 0.992034 -0.002733 -0.125943 
