0.237412 -0.047910 -0.000079 0.998852 
0.276620 -0.040048 -0.000084 0.999198 
0.315829 -0.034052 -0.000088 0.999420 
0.355038 -0.029323 -0.000093 0.999570 
0.394246 -0.025492 -0.000097 0.999675 
0.433455 -0.022325 -0.000101 0.999751 
0.472664 -0.019660 -0.000104 0.999807 
0.511872 -0.017386 -0.000107 0.999849 
0.551081 -0.015421 -0.000110 0.999881 
0.590289 -0.013707 -0.000112 0.999906 
0.629498 -0.012197 -0.000114 0.999926 
0.668707 -0.010855 -0.000115 0.999941 
0.707915 -0.009655 -0.000116 0.999953 
0.747124 -0.008574 -0.000117 0.999963 
0.786333 -0.007595 -0.000117 0.999971 
0.825541 -0.006701 -0.000116 0.999978 
0.864750 -0.005882 -0.000116 0.999983 
0.903958 -0.005127 -0.000115 0.999987 
0.943167 -0.004428 -0.000114 0.999990 
0.982376 -0.003777 -0.000112 0.999993 
1.021584 -0.003168 -0.000110 0.999995 
1.060793 -0.002594 -0.000108 0.999997 
1.100002 -0.002053 -0.000105 0.999998 
1.139210 -0.001539 -0.000103 0.999999 
1.178419 -0.001048 -0.000100 0.999999 
1.217627 -0.000578 -0.000097 1.000000 
1.256836 -0.000125 -0.000094 1.000000 
1.296045 0.000313 -0.000090 1.000000 
1.335253 0.000739 -0.000087 1.000000 
1.374462 0.001156 -0.000084 0.999999 
1.413671 0.001564 -0.000080 0.999999 
1.452879 0.001966 -0.000077 0.999998 
1.492088 0.002365 -0.000074 0.999997 
1.531296 0.002761 -0.000070 0.999996 
1.570505 0.003156 -0.000067 0.999995 
1.609714 0.003551 -0.000064 0.999994 
1.648922 0.003949 -0.000061 0.999992 
1.688131 0.004350 -0.000059 0.999991 
1.727340 0.004757 -0.000056 0.999989 
1.766548 0.005169 -0.000054 0.999987 
1.805757 0.005589 -0.000051 0.999984 
1.844966 0.006018 -0.000049 0.999982 
1.884174 0.006457 -0.000048 0.999979 
1.923383 0.006908 -0.000046 0.999976 
1.962591 0.007371 -0.000045 0.999973 
2.001800 0.007848 -0.000044 0.999969 
2.041009 0.008341 -0.000043 0.999965 
2.080217 0.008850 -0.000043 0.999961 
2.119426 0.009378 -0.000042 0.999956 
2.158635 0.009925 -0.000043 0.999951 
2.197843 0.010493 -0.000043 0.999945 
2.237052 0.011083 -0.000044 0.999939 
2.276260 0.011697 -0.000045 0.999932 
2.315469 0.012337 -0.000046 0.999924 
2.354678 0.013003 -0.000048 0.999915 
2.393886 0.013699 -0.000050 0.999906 
2.433095 0.014424 -0.000052 0.999896 
2.472304 0.015183 -0.000054 0.999885 
2.511512 0.015975 -0.000057 0.999872 
2.550721 0.016803 -0.000060 0.999859 
2.589929 0.017670 -0.000064 0.999844 
2.629138 0.018577 -0.000068 0.999827 
2.668347 0.019526 -0.000072 0.999809 
2.707555 0.020521 -0.000076 0.999789 
2.746764 0.021562 -0.000080 0.999768 
2.785973 0.022654 -0.000085 0.999743 
2.825181 0.023798 -0.000090 0.999717 
2.864390 0.024997 -0.000095 0.999688 
2.903598 0.026255 -0.000101 0.999655 
2.942807 0.027574 -0.000107 0.999620 
2.982016 0.028957 -0.000112 0.999581 
3.021224 0.030409 -0.000118 0.999538 
3.060433 0.031932 -0.000125 0.999490 
3.099642 0.033530 -0.000131 0.999438 
3.138850 0.035208 -0.000138 0.999380 
3.178059 0.036969 -0.000144 0.999316 
3.217267 0.038817 -0.000151 0.999246 
3.256476 0.040758 -0.000158 0.999169 
3.295685 0.042796 -0.000165 0.999084 
3.334893 0.044935 -0.000172 0.998990 
3.374102 0.047182 -0.000179 0.998886 
3.413311 0.049542 -0.000186 0.998772 
3.452519 0.052021 -0.000193 0.998646 
3.491728 0.054625 -0.000200 0.998507 
3.530936 0.057360 -0.000207 0.998354 
3.570145 0.060233 -0.000214 0.998184 
3.609354 0.063252 -0.000221 0.997998 
3.648562 0.066424 -0.000228 0.997791 
3.687771 0.069756 -0.000235 0.997564 
3.726980 0.073258 -0.000242 0.997313 
3.766188 0.076937 -0.000249 0.997036 
3.805397 0.080803 -0.000255 0.996730 
3.844606 0.084867 -0.000262 0.996392 
3.883814 0.089137 -0.000268 0.996019 
3.923023 0.093624 -0.000275 0.995608 
3.962231 0.098340 -0.000281 0.995153 
4.001440 0.103297 -0.000287 0.994651 
4.040649 0.108506 -0.000293 0.994096 
4.079857 0.113981 -0.000299 0.993483 
4.119066 0.119735 -0.000305 0.992806 
4.158275 0.125783 -0.000310 0.992058 
4.197483 0.132139 -0.000316 0.991231 
4.236692 0.138818 -0.000321 0.990318 
4.275900 0.145837 -0.000327 0.989309 
4.315109 0.153213 -0.000332 0.988193 
4.354318 0.160964 -0.000337 0.986960 
4.393526 0.169107 -0.000342 0.985598 
4.432735 0.177662 -0.000347 0.984092 
4.471944 0.186648 -0.000352 0.982427 
4.511152 0.196087 -0.000357 0.980586 
4.550361 0.205999 -0.000362 0.978552 
4.589569 0.216405 -0.000367 0.976304 
4.628778 0.227329 -0.000371 0.973818 
4.667987 0.238793 -0.000376 0.971070 
4.707195 0.250820 -0.000381 0.968034 
4.746404 0.263434 -0.000386 0.964677 
4.785613 0.276658 -0.000390 0.960968 
4.824821 0.290515 -0.000395 0.956870 
4.864030 0.305030 -0.000400 0.952343 
4.903238 0.320225 -0.000405 0.947341 
4.942447 0.336122 -0.000410 0.941818 
4.981656 0.352740 -0.000414 0.935721 
5.020864 0.370100 -0.000419 0.928992 
5.060073 0.388218 -0.000424 0.921568 
5.099282 0.407106 -0.000430 0.913381 
5.138490 0.426777 -0.000435 0.904357 
5.177699 0.447234 -0.000440 0.894417 
5.216907 0.468479 -0.000445 0.883474 
5.256116 0.490506 -0.000451 0.871438 
5.295325 0.513301 -0.000457 0.858208 
5.334533 0.536842 -0.000462 0.843683 
5.373742 0.561096 -0.000468 0.827751 
5.412951 0.586018 -0.000474 0.810298 
5.452159 0.611551 -0.000479 0.791205 
5.491368 0.637622 -0.000485 0.770349 
5.530576 0.664141 -0.000491 0.747607 
5.569785 0.691000 -0.000497 0.722854 
5.608994 0.718071 -0.000503 0.695970 
5.648202 0.745204 -0.000508 0.666837 
5.687411 0.772227 -0.000514 0.635347 
5.726620 0.798945 -0.000519 0.601404 
5.765828 0.825140 -0.000524 0.564928 
5.805037 0.850572 -0.000529 0.525859 
5.844246 0.874978 -0.000533 0.484162 
5.883454 0.898080 -0.000536 0.439831 
5.922663 0.919582 -0.000540 0.392898 
5.961871 0.939178 -0.000542 0.343430 
6.001080 0.956560 -0.000544 0.291536 
6.040289 0.971418 -0.000545 0.237373 
6.079497 0.983457 -0.000545 0.181142 
6.118706 0.992395 -0.000544 0.123090 
