0.237412 -0.062855 -0.000340 0.998023 
0.276620 -0.030057 -0.000356 0.999548 
0.315829 -0.002182 -0.000376 0.999998 
0.355038 0.022405 -0.000400 0.999749 
0.394246 0.044724 -0.000425 0.998999 
0.433455 0.065451 -0.000451 0.997856 
0.472664 0.085057 -0.000478 0.996376 
0.511872 0.103884 -0.000506 0.994589 
0.551081 0.122190 -0.000535 0.992507 
0.590289 0.140175 -0.000563 0.990127 
0.629498 0.158001 -0.000593 0.987439 
0.668707 0.175799 -0.000622 0.984426 
0.707915 0.193682 -0.000652 0.981064 
0.747124 0.211745 -0.000681 0.977325 
0.786333 0.230074 -0.000711 0.973173 
0.825541 0.248744 -0.000741 0.968569 
0.864750 0.267822 -0.000772 0.963468 
0.903958 0.287369 -0.000802 0.957820 
0.943167 0.307441 -0.000833 0.951567 
0.982376 0.328088 -0.000864 0.944647 
1.021584 0.349356 -0.000895 0.936990 
1.060793 0.371283 -0.000927 0.928519 
1.100002 0.393905 -0.000959 0.919151 
1.139210 0.417248 -0.000991 0.908792 
1.178419 0.441333 -0.001024 0.897343 
1.217627 0.466172 -0.001057 0.884693 
1.256836 0.491767 -0.001091 0.870726 
1.296045 0.518107 -0.001125 0.855315 
1.335253 0.545171 -0.001160 0.838324 
1.374462 0.572919 -0.001195 0.819611 
1.413671 0.601295 -0.001231 0.799026 
1.452879 0.630223 -0.001267 0.776413 
1.492088 0.659603 -0.001303 0.751613 
1.531296 0.689310 -0.001340 0.724465 
1.570505 0.719192 -0.001377 0.694810 
1.609714 0.749064 -0.001414 0.662496 
1.648922 0.778710 -0.001451 0.627382 
1.688131 0.807882 -0.001488 0.589342 
1.727340 0.836296 -0.001524 0.548276 
1.766548 0.863637 -0.001560 0.504112 
1.805757 0.889559 -0.001594 0.456817 
1.844966 0.913691 -0.001626 0.406406 
1.884174 0.935643 -0.001657 0.352945 
1.923383 0.955013 -0.001686 0.296560 
1.962591 0.971400 -0.001712 0.237445 
2.001800 0.984414 -0.001734 0.175860 
2.041009 0.993692 -0.001754 0.112133 
2.080217 0.998909 -0.001770 0.046661 
2.119426 0.999796 -0.001781 -0.020105 
2.158635 0.996149 -0.001788 -0.087659 
2.197843 0.987840 -0.001791 -0.155463 
2.237052 0.974826 -0.001790 -0.222959 
2.276260 0.957152 -0.001783 -0.289582 
2.315469 0.934946 -0.001773 -0.354786 
2.354678 0.908420 -0.001758 -0.418055 
2.393886 0.877857 -0.001738 -0.478920 
2.433095 0.843598 -0.001716 -0.536973 
2.472304 0.806031 -0.001689 -0.591872 
2.511512 0.765571 -0.001660 -0.643349 
2.550721 0.722649 -0.001628 -0.691213 
2.589929 0.677695 -0.001595 -0.735341 
2.629138 0.631125 -0.001559 -0.775680 
2.668347 0.583328 -0.001523 -0.812235 
2.707555 0.534666 -0.001486 -0.845062 
2.746764 0.485458 -0.001448 -0.874259 
2.785973 0.435983 -0.001411 -0.899954 
2.825181 0.386478 -0.001374 -0.922297 
2.864390 0.337138 -0.001338 -0.941454 
2.903598 0.288116 -0.001302 -0.957595 
2.942807 0.239529 -0.001268 -0.970888 
2.982016 0.191460 -0.001235 -0.981500 
3.021224 0.143960 -0.001204 -0.989583 
3.060433 0.097059 -0.001174 -0.995278 
3.099642 0.050760 -0.001146 -0.998710 
3.138850 0.005053 -0.001119 -0.999987 
3.178059 -0.040088 -0.001095 -0.999196 
3.217267 -0.084698 -0.001072 -0.996406 
3.256476 -0.128818 -0.001051 -0.991668 
3.295685 -0.172493 -0.001032 -0.985010 
3.334893 -0.215766 -0.001014 -0.976445 
3.374102 -0.258678 -0.000999 -0.965963 
3.413311 -0.301265 -0.000985 -0.953540 
3.452519 -0.343552 -0.000972 -0.939133 
3.491728 -0.385553 -0.000962 -0.922685 
3.530936 -0.427268 -0.000953 -0.904125 
3.570145 -0.468680 -0.000945 -0.883367 
3.609354 -0.509753 -0.000938 -0.860320 
3.648562 -0.550428 -0.000933 -0.834882 
3.687771 -0.590622 -0.000929 -0.806948 
3.726980 -0.630225 -0.000926 -0.776412 
3.766188 -0.669099 -0.000924 -0.743172 
3.805397 -0.707077 -0.000922 -0.707136 
3.844606 -0.743962 -0.000921 -0.668221 
3.883814 -0.779527 -0.000920 -0.626368 
3.923023 -0.813516 -0.000919 -0.581542 
3.962231 -0.845648 -0.000918 -0.533740 
4.001440 -0.875622 -0.000917 -0.482996 
4.040649 -0.903119 -0.000915 -0.429389 
4.079857 -0.927811 -0.000913 -0.373049 
4.119066 -0.949371 -0.000910 -0.314155 
4.158275 -0.967481 -0.000906 -0.252944 
4.197483 -0.981841 -0.000901 -0.189706 
4.236692 -0.992183 -0.000895 -0.124785 
4.275900 -0.998283 -0.000887 -0.058574 
4.315109 -0.999964 -0.000877 0.008496 
4.354318 -0.997110 -0.000866 0.075961 
4.393526 -0.989673 -0.000853 0.143338 
4.432735 -0.977672 -0.000839 0.210137 
4.471944 -0.961193 -0.000823 0.275875 
4.511152 -0.940393 -0.000805 0.340089 
4.550361 -0.915487 -0.000786 0.402347 
4.589569 -0.886743 -0.000766 0.462262 
4.628778 -0.854473 -0.000744 0.519495 
4.667987 -0.819020 -0.000722 0.573764 
4.707195 -0.780747 -0.000698 0.624847 
4.746404 -0.740026 -0.000674 0.672578 
4.785613 -0.697225 -0.000649 0.716852 
4.824821 -0.652702 -0.000624 0.757614 
4.864030 -0.606795 -0.000599 0.794858 
4.903238 -0.559816 -0.000574 0.828617 
4.942447 -0.512047 -0.000548 0.858957 
4.981656 -0.463737 -0.000523 0.885973 
5.020864 -0.415101 -0.000499 0.909775 
5.060073 -0.366321 -0.000474 0.930488 
5.099282 -0.317546 -0.000451 0.948243 
5.138490 -0.268892 -0.000428 0.963170 
5.177699 -0.220450 -0.000405 0.975398 
5.216907 -0.172283 -0.000384 0.985047 
5.256116 -0.124436 -0.000363 0.992228 
5.295325 -0.076930 -0.000343 0.997036 
5.334533 -0.029775 -0.000324 0.999557 
5.373742 0.017032 -0.000306 0.999855 
5.412951 0.063503 -0.000288 0.997982 
5.452159 0.109656 -0.000272 0.993970 
5.491368 0.155510 -0.000257 0.987834 
5.530576 0.201082 -0.000242 0.979574 
5.569785 0.246388 -0.000229 0.969171 
5.608994 0.291434 -0.000216 0.956591 
5.648202 0.336218 -0.000205 0.941784 
5.687411 0.380725 -0.000195 0.924688 
5.726620 0.424924 -0.000185 0.905229 
5.765828 0.468766 -0.000177 0.883322 
5.805037 0.512182 -0.000169 0.858877 
5.844246 0.555079 -0.000163 0.831798 
5.883454 0.597338 -0.000157 0.801990 
5.922663 0.638814 -0.000152 0.769361 
5.961871 0.679333 -0.000149 0.733830 
6.001080 0.718694 -0.000146 0.695326 
6.040289 0.756667 -0.000144 0.653801 
6.079497 0.792994 -0.000143 0.609230 
6.118706 0.827395 -0.000143 0.561621 
