0.237412 -0.157961 0.000029 0.987445 
0.276620 -0.131975 0.000031 0.991253 
0.315829 -0.112054 0.000033 0.993702 
0.355038 -0.096316 0.000035 0.995351 
0.394246 -0.083592 0.000037 0.996500 
0.433455 -0.073114 0.000040 0.997324 
0.472664 -0.064356 0.000042 0.997927 
0.511872 -0.056948 0.000044 0.998377 
0.551081 -0.050617 0.000047 0.998718 
0.590289 -0.045160 0.000050 0.998980 
0.629498 -0.040423 0.000052 0.999183 
0.668707 -0.036284 0.000055 0.999342 
0.707915 -0.032647 0.000057 0.999467 
0.747124 -0.029438 0.000059 0.999567 
0.786333 -0.026593 0.000062 0.999646 
0.825541 -0.024061 0.000064 0.999710 
0.864750 -0.021801 0.000066 0.999762 
0.903958 -0.019777 0.000068 0.999804 
0.943167 -0.017959 0.000070 0.999839 
0.982376 -0.016322 0.000071 0.999867 
1.021584 -0.014845 0.000073 0.999890 
1.060793 -0.013509 0.000074 0.999909 
1.100002 -0.012298 0.000075 0.999924 
1.139210 -0.011198 0.000076 0.999937 
1.178419 -0.010198 0.000076 0.999948 
1.217627 -0.009285 0.000076 0.999957 
1.256836 -0.008452 0.000076 0.999964 
1.296045 -0.007689 0.000076 0.999970 
1.335253 -0.006990 0.000075 0.999976 
1.374462 -0.006348 0.000074 0.999980 
1.413671 -0.005756 0.000073 0.999983 
1.452879 -0.005211 0.000071 0.999986 
1.492088 -0.004707 0.000069 0.999989 
1.531296 -0.004241 0.000067 0.999991 
1.570505 -0.003807 0.000064 0.999993 
1.609714 -0.003404 0.000061 0.999994 
1.648922 -0.003027 0.000058 0.999995 
1.688131 -0.002674 0.000054 0.999996 
1.727340 -0.002343 0.000050 0.999997 
1.766548 -0.002030 0.000046 0.999998 
1.805757 -0.001734 0.000042 0.999998 
1.844966 -0.001453 0.000037 0.999999 
1.884174 -0.001185 0.000033 0.999999 
1.923383 -0.000928 0.000028 1.000000 
1.962591 -0.000681 0.000023 1.000000 
2.001800 -0.000441 0.000018 1.000000 
2.041009 -0.000208 0.000013 1.000000 
2.080217 0.000020 0.000008 1.000000 
2.119426 0.000244 0.000002 1.000000 
2.158635 0.000465 -0.000003 1.000000 
2.197843 0.000685 -0.000008 1.000000 
2.237052 0.000904 -0.000013 1.000000 
2.276260 0.001124 -0.000018 0.999999 
2.315469 0.001347 -0.000023 0.999999 
2.354678 0.001572 -0.000028 0.999999 
2.393886 0.001802 -0.000032 0.999998 
2.433095 0.002036 -0.000037 0.999998 
2.472304 0.002277 -0.000041 0.999997 
2.511512 0.002525 -0.000045 0.999997 
2.550721 0.002782 -0.000049 0.999996 
2.589929 0.003048 -0.000053 0.999995 
2.629138 0.003325 -0.000056 0.999994 
2.668347 0.003613 -0.000059 0.999993 
2.707555 0.003915 -0.000062 0.999992 
2.746764 0.004231 -0.000064 0.999991 
2.785973 0.004562 -0.000066 0.999990 
2.825181 0.004910 -0.000068 0.999988 
2.864390 0.005277 -0.000070 0.999986 
2.903598 0.005663 -0.000072 0.999984 
2.942807 0.006070 -0.000073 0.999982 
2.982016 0.006500 -0.000073 0.999979 
3.021224 0.006955 -0.000074 0.999976 
3.060433 0.007436 -0.000074 0.999972 
3.099642 0.007944 -0.000074 0.999968 
3.138850 0.008483 -0.000074 0.999964 
3.178059 0.009054 -0.000074 0.999959 
3.217267 0.009660 -0.000073 0.999953 
3.256476 0.010302 -0.000072 0.999947 
3.295685 0.010983 -0.000071 0.999940 
3.334893 0.011706 -0.000070 0.999931 
3.374102 0.012474 -0.000069 0.999922 
3.413311 0.013289 -0.000067 0.999912 
3.452519 0.014155 -0.000065 0.999900 
3.491728 0.015075 -0.000063 0.999886 
3.530936 0.016053 -0.000061 0.999871 
3.570145 0.017092 -0.000059 0.999854 
3.609354 0.018196 -0.000057 0.999834 
3.648562 0.019371 -0.000054 0.999812 
3.687771 0.020620 -0.000052 0.999787 
3.726980 0.021948 -0.000050 0.999759 
3.766188 0.023361 -0.000047 0.999727 
3.805397 0.024863 -0.000044 0.999691 
3.844606 0.026462 -0.000042 0.999650 
3.883814 0.028163 -0.000039 0.999603 
3.923023 0.029974 -0.000036 0.999551 
3.962231 0.031900 -0.000034 0.999491 
4.001440 0.033950 -0.000031 0.999424 
4.040649 0.036132 -0.000028 0.999347 
4.079857 0.038455 -0.000025 0.999260 
4.119066 0.040927 -0.000023 0.999162 
4.158275 0.043559 -0.000020 0.999051 
4.197483 0.046362 -0.000018 0.998925 
4.236692 0.049345 -0.000015 0.998782 
4.275900 0.052522 -0.000013 0.998620 
4.315109 0.055905 -0.000011 0.998436 
4.354318 0.059507 -0.000008 0.998228 
4.393526 0.063343 -0.000006 0.997992 
4.432735 0.067428 -0.000004 0.997724 
4.471944 0.071779 -0.000002 0.997421 
4.511152 0.076412 -0.000000 0.997076 
4.550361 0.081346 0.000002 0.996686 
4.589569 0.086601 0.000003 0.996243 
4.628778 0.092197 0.000005 0.995741 
4.667987 0.098158 0.000006 0.995171 
4.707195 0.104506 0.000008 0.994524 
4.746404 0.111266 0.000009 0.993791 
4.785613 0.118464 0.000011 0.992958 
4.824821 0.126130 0.000012 0.992014 
4.864030 0.134292 0.000013 0.990942 
4.903238 0.142981 0.000014 0.989725 
4.942447 0.152232 0.000015 0.988345 
4.981656 0.162077 0.000017 0.986778 
5.020864 0.172555 0.000018 0.985000 
5.060073 0.183703 0.000018 0.982982 
5.099282 0.195562 0.000019 0.980691 
5.138490 0.208172 0.000020 0.978092 
5.177699 0.221577 0.000021 0.975143 
5.216907 0.235822 0.000022 0.971796 
5.256116 0.250951 0.000023 0.968000 
5.295325 0.267011 0.000023 0.963694 
5.334533 0.284048 0.000024 0.958810 
5.373742 0.302109 0.000025 0.953273 
5.412951 0.321238 0.000026 0.946998 
5.452159 0.341479 0.000026 0.939889 
5.491368 0.362872 0.000027 0.931839 
5.530576 0.385452 0.000027 0.922728 
5.569785 0.409248 0.000028 0.912423 
5.608994 0.434282 0.000028 0.900777 
5.648202 0.460562 0.000029 0.887627 
5.687411 0.488087 0.000029 0.872795 
5.726620 0.516835 0.000030 0.856085 
5.765828 0.546766 0.000030 0.837286 
5.805037 0.577811 0.000031 0.816171 
5.844246 0.609875 0.000031 0.792498 
5.883454 0.642824 0.000031 0.766014 
5.922663 0.676486 0.000031 0.736456 
5.961871 0.710638 0.000032 0.703558 
6.001080 0.745008 0.000032 0.667056 
6.040289 0.779264 0.000032 0.626696 
6.079497 0.813012 0.000032 0.582247 
6.118706 0.845794 0.000032 0.533509 
