0.237412 -0.156505 0.000026 0.987677 
0.276620 -0.130781 0.000027 0.991411 
0.315829 -0.111062 0.000029 0.993813 
0.355038 -0.095484 0.000031 0.995431 
0.394246 -0.082889 0.000033 0.996559 
0.433455 -0.072517 0.000035 0.997367 
0.472664 -0.063847 0.000037 0.997960 
0.511872 -0.056511 0.000040 0.998402 
0.551081 -0.050241 0.000042 0.998737 
0.590289 -0.044836 0.000044 0.998994 
0.629498 -0.040143 0.000047 0.999194 
0.668707 -0.036041 0.000049 0.999350 
0.707915 -0.032437 0.000051 0.999474 
0.747124 -0.029255 0.000054 0.999572 
0.786333 -0.026433 0.000056 0.999651 
0.825541 -0.023922 0.000058 0.999714 
0.864750 -0.021679 0.000060 0.999765 
0.903958 -0.019670 0.000062 0.999807 
0.943167 -0.017865 0.000064 0.999840 
0.982376 -0.016239 0.000066 0.999868 
1.021584 -0.014772 0.000067 0.999891 
1.060793 -0.013443 0.000069 0.999910 
1.100002 -0.012239 0.000070 0.999925 
1.139210 -0.011145 0.000071 0.999938 
1.178419 -0.010149 0.000071 0.999948 
1.217627 -0.009241 0.000071 0.999957 
1.256836 -0.008410 0.000072 0.999965 
1.296045 -0.007650 0.000071 0.999971 
1.335253 -0.006953 0.000071 0.999976 
1.374462 -0.006312 0.000070 0.999980 
1.413671 -0.005722 0.000069 0.999984 
1.452879 -0.005177 0.000067 0.999987 
1.492088 -0.004674 0.000065 0.999989 
1.531296 -0.004207 0.000063 0.999991 
1.570505 -0.003773 0.000061 0.999993 
1.609714 -0.003369 0.000058 0.999994 
1.648922 -0.002991 0.000055 0.999996 
1.688131 -0.002637 0.000052 0.999997 
1.727340 -0.002304 0.000048 0.999997 
1.766548 -0.001989 0.000045 0.999998 
1.805757 -0.001691 0.000041 0.999999 
1.844966 -0.001408 0.000036 0.999999 
1.884174 -0.001138 0.000032 0.999999 
1.923383 -0.000878 0.000027 1.000000 
1.962591 -0.000627 0.000023 1.000000 
2.001800 -0.000385 0.000018 1.000000 
2.041009 -0.000149 0.000013 1.000000 
2.080217 0.000083 0.000008 1.000000 
2.119426 0.000310 0.000003 1.000000 
2.158635 0.000536 -0.000002 1.000000 
2.197843 0.000760 -0.000007 1.000000 
2.237052 0.000984 -0.000012 1.000000 
2.276260 0.001209 -0.000017 0.999999 
2.315469 0.001436 -0.000021 0.999999 
2.354678 0.001667 -0.000026 0.999999 
2.393886 0.001902 -0.000030 0.999998 
2.433095 0.002143 -0.000035 0.999998 
2.472304 0.002390 -0.000039 0.999997 
2.511512 0.002644 -0.000043 0.999997 
2.550721 0.002908 -0.000047 0.999996 
2.589929 0.003181 -0.000050 0.999995 
2.629138 0.003466 -0.000053 0.999994 
2.668347 0.003762 -0.000056 0.999993 
2.707555 0.004072 -0.000059 0.999992 
2.746764 0.004397 -0.000062 0.999990 
2.785973 0.004738 -0.000064 0.999989 
2.825181 0.005096 -0.000066 0.999987 
2.864390 0.005473 -0.000068 0.999985 
2.903598 0.005870 -0.000069 0.999983 
2.942807 0.006289 -0.000070 0.999980 
2.982016 0.006731 -0.000071 0.999977 
3.021224 0.007198 -0.000072 0.999974 
3.060433 0.007692 -0.000073 0.999970 
3.099642 0.008215 -0.000073 0.999966 
3.138850 0.008768 -0.000073 0.999962 
3.178059 0.009355 -0.000072 0.999956 
3.217267 0.009976 -0.000072 0.999950 
3.256476 0.010635 -0.000071 0.999943 
3.295685 0.011334 -0.000070 0.999936 
3.334893 0.012076 -0.000069 0.999927 
3.374102 0.012863 -0.000068 0.999917 
3.413311 0.013699 -0.000067 0.999906 
3.452519 0.014587 -0.000065 0.999894 
3.491728 0.015529 -0.000064 0.999879 
3.530936 0.016531 -0.000062 0.999863 
3.570145 0.017595 -0.000060 0.999845 
3.609354 0.018725 -0.000058 0.999825 
3.648562 0.019927 -0.000055 0.999801 
3.687771 0.021205 -0.000053 0.999775 
3.726980 0.022563 -0.000051 0.999745 
3.766188 0.024007 -0.000048 0.999712 
3.805397 0.025543 -0.000046 0.999674 
3.844606 0.027176 -0.000044 0.999631 
3.883814 0.028913 -0.000041 0.999582 
3.923023 0.030761 -0.000039 0.999527 
3.962231 0.032727 -0.000036 0.999464 
4.001440 0.034818 -0.000033 0.999394 
4.040649 0.037044 -0.000031 0.999314 
4.079857 0.039411 -0.000028 0.999223 
4.119066 0.041931 -0.000026 0.999120 
4.158275 0.044613 -0.000023 0.999004 
4.197483 0.047467 -0.000021 0.998873 
4.236692 0.050505 -0.000019 0.998724 
4.275900 0.053738 -0.000016 0.998555 
4.315109 0.057179 -0.000014 0.998364 
4.354318 0.060843 -0.000012 0.998147 
4.393526 0.064743 -0.000010 0.997902 
4.432735 0.068895 -0.000008 0.997624 
4.471944 0.073315 -0.000006 0.997309 
4.511152 0.078020 -0.000004 0.996952 
4.550361 0.083030 -0.000002 0.996547 
4.589569 0.088364 -0.000000 0.996088 
4.628778 0.094042 0.000001 0.995568 
4.667987 0.100087 0.000003 0.994979 
4.707195 0.106523 0.000004 0.994310 
4.746404 0.113375 0.000006 0.993552 
4.785613 0.120668 0.000007 0.992693 
4.824821 0.128432 0.000008 0.991718 
4.864030 0.136695 0.000010 0.990613 
4.903238 0.145490 0.000011 0.989360 
4.942447 0.154848 0.000012 0.987938 
4.981656 0.164805 0.000013 0.986326 
5.020864 0.175397 0.000014 0.984498 
5.060073 0.186663 0.000015 0.982424 
5.099282 0.198641 0.000016 0.980072 
5.138490 0.211374 0.000017 0.977405 
5.177699 0.224904 0.000018 0.974381 
5.216907 0.239274 0.000019 0.970952 
5.256116 0.254531 0.000020 0.967065 
5.295325 0.270719 0.000021 0.962658 
5.334533 0.287884 0.000022 0.957665 
5.373742 0.306072 0.000022 0.952008 
5.412951 0.325326 0.000023 0.945602 
5.452159 0.345688 0.000024 0.938349 
5.491368 0.367197 0.000024 0.930143 
5.530576 0.389888 0.000025 0.920862 
5.569785 0.413786 0.000026 0.910374 
5.608994 0.438911 0.000026 0.898531 
5.648202 0.465270 0.000027 0.885169 
5.687411 0.492858 0.000027 0.870110 
5.726620 0.521651 0.000028 0.853159 
5.765828 0.551605 0.000028 0.834106 
5.805037 0.582648 0.000029 0.812725 
5.844246 0.614681 0.000029 0.788776 
5.883454 0.647567 0.000029 0.762009 
5.922663 0.681128 0.000030 0.732164 
5.961871 0.715141 0.000030 0.698980 
6.001080 0.749328 0.000030 0.662199 
6.040289 0.783356 0.000030 0.621573 
6.079497 0.816830 0.000030 0.576879 
6.118706 0.849290 0.000030 0.527927 
