0.237412 -0.155006 0.000022 0.987913 
0.276620 -0.129550 0.000023 0.991573 
0.315829 -0.110039 0.000025 0.993927 
0.355038 -0.094625 0.000026 0.995513 
0.394246 -0.082162 0.000028 0.996619 
0.433455 -0.071898 0.000030 0.997412 
0.472664 -0.063318 0.000032 0.997993 
0.511872 -0.056057 0.000034 0.998428 
0.551081 -0.049850 0.000036 0.998757 
0.590289 -0.044498 0.000039 0.999009 
0.629498 -0.039849 0.000041 0.999206 
0.668707 -0.035786 0.000043 0.999359 
0.707915 -0.032215 0.000045 0.999481 
0.747124 -0.029061 0.000048 0.999578 
0.786333 -0.026264 0.000050 0.999655 
0.825541 -0.023774 0.000052 0.999717 
0.864750 -0.021549 0.000054 0.999768 
0.903958 -0.019555 0.000056 0.999809 
0.943167 -0.017764 0.000058 0.999842 
0.982376 -0.016150 0.000060 0.999870 
1.021584 -0.014692 0.000061 0.999892 
1.060793 -0.013372 0.000063 0.999911 
1.100002 -0.012175 0.000064 0.999926 
1.139210 -0.011087 0.000065 0.999939 
1.178419 -0.010096 0.000066 0.999949 
1.217627 -0.009192 0.000066 0.999958 
1.256836 -0.008365 0.000066 0.999965 
1.296045 -0.007607 0.000066 0.999971 
1.335253 -0.006912 0.000066 0.999976 
1.374462 -0.006273 0.000065 0.999980 
1.413671 -0.005684 0.000064 0.999984 
1.452879 -0.005140 0.000063 0.999987 
1.492088 -0.004637 0.000062 0.999989 
1.531296 -0.004170 0.000060 0.999991 
1.570505 -0.003735 0.000058 0.999993 
1.609714 -0.003330 0.000055 0.999994 
1.648922 -0.002951 0.000053 0.999996 
1.688131 -0.002596 0.000050 0.999997 
1.727340 -0.002261 0.000046 0.999997 
1.766548 -0.001945 0.000043 0.999998 
1.805757 -0.001645 0.000039 0.999999 
1.844966 -0.001360 0.000035 0.999999 
1.884174 -0.001086 0.000031 0.999999 
1.923383 -0.000824 0.000027 1.000000 
1.962591 -0.000571 0.000022 1.000000 
2.001800 -0.000325 0.000018 1.000000 
2.041009 -0.000085 0.000013 1.000000 
2.080217 0.000150 0.000009 1.000000 
2.119426 0.000382 0.000004 1.000000 
2.158635 0.000611 -0.000001 1.000000 
2.197843 0.000840 -0.000006 1.000000 
2.237052 0.001068 -0.000010 0.999999 
2.276260 0.001298 -0.000015 0.999999 
2.315469 0.001531 -0.000019 0.999999 
2.354678 0.001767 -0.000024 0.999998 
2.393886 0.002008 -0.000028 0.999998 
2.433095 0.002255 -0.000032 0.999997 
2.472304 0.002508 -0.000036 0.999997 
2.511512 0.002770 -0.000040 0.999996 
2.550721 0.003040 -0.000044 0.999995 
2.589929 0.003321 -0.000047 0.999994 
2.629138 0.003614 -0.000051 0.999993 
2.668347 0.003919 -0.000054 0.999992 
2.707555 0.004238 -0.000056 0.999991 
2.746764 0.004572 -0.000059 0.999990 
2.785973 0.004922 -0.000061 0.999988 
2.825181 0.005290 -0.000063 0.999986 
2.864390 0.005678 -0.000065 0.999984 
2.903598 0.006086 -0.000067 0.999981 
2.942807 0.006517 -0.000068 0.999979 
2.982016 0.006971 -0.000069 0.999976 
3.021224 0.007452 -0.000070 0.999972 
3.060433 0.007960 -0.000070 0.999968 
3.099642 0.008497 -0.000071 0.999964 
3.138850 0.009066 -0.000071 0.999959 
3.178059 0.009668 -0.000071 0.999953 
3.217267 0.010306 -0.000071 0.999947 
3.256476 0.010983 -0.000070 0.999940 
3.295685 0.011700 -0.000069 0.999932 
3.334893 0.012461 -0.000069 0.999922 
3.374102 0.013269 -0.000068 0.999912 
3.413311 0.014126 -0.000066 0.999900 
3.452519 0.015035 -0.000065 0.999887 
3.491728 0.016001 -0.000064 0.999872 
3.530936 0.017027 -0.000062 0.999855 
3.570145 0.018117 -0.000060 0.999836 
3.609354 0.019274 -0.000058 0.999814 
3.648562 0.020504 -0.000057 0.999790 
3.687771 0.021811 -0.000055 0.999762 
3.726980 0.023200 -0.000052 0.999731 
3.766188 0.024676 -0.000050 0.999695 
3.805397 0.026246 -0.000048 0.999656 
3.844606 0.027915 -0.000046 0.999610 
3.883814 0.029689 -0.000043 0.999559 
3.923023 0.031576 -0.000041 0.999501 
3.962231 0.033582 -0.000039 0.999436 
4.001440 0.035716 -0.000036 0.999362 
4.040649 0.037986 -0.000034 0.999278 
4.079857 0.040400 -0.000032 0.999184 
4.119066 0.042969 -0.000029 0.999076 
4.158275 0.045701 -0.000027 0.998955 
4.197483 0.048608 -0.000025 0.998818 
4.236692 0.051701 -0.000022 0.998663 
4.275900 0.054992 -0.000020 0.998487 
4.315109 0.058494 -0.000018 0.998288 
4.354318 0.062221 -0.000016 0.998062 
4.393526 0.066187 -0.000014 0.997807 
4.432735 0.070407 -0.000012 0.997518 
4.471944 0.074898 -0.000010 0.997191 
4.511152 0.079678 -0.000008 0.996821 
4.550361 0.084765 -0.000006 0.996401 
4.589569 0.090179 -0.000004 0.995926 
4.628778 0.095941 -0.000003 0.995387 
4.667987 0.102074 -0.000001 0.994777 
4.707195 0.108600 0.000000 0.994086 
4.746404 0.115545 0.000002 0.993302 
4.785613 0.122935 0.000003 0.992415 
4.824821 0.130799 0.000005 0.991409 
4.864030 0.139166 0.000006 0.990269 
4.903238 0.148068 0.000007 0.988977 
4.942447 0.157536 0.000009 0.987513 
4.981656 0.167607 0.000010 0.985854 
5.020864 0.178316 0.000011 0.983973 
5.060073 0.189701 0.000012 0.981842 
5.099282 0.201802 0.000013 0.979426 
5.138490 0.214660 0.000014 0.976689 
5.177699 0.228316 0.000015 0.973587 
5.216907 0.242815 0.000016 0.970073 
5.256116 0.258202 0.000017 0.966091 
5.295325 0.274520 0.000018 0.961581 
5.334533 0.291815 0.000019 0.956475 
5.373742 0.310131 0.000020 0.950694 
5.412951 0.329511 0.000021 0.944152 
5.452159 0.349996 0.000021 0.936751 
5.491368 0.371623 0.000022 0.928384 
5.530576 0.394425 0.000023 0.918928 
5.569785 0.418425 0.000024 0.908251 
5.608994 0.443642 0.000024 0.896204 
5.648202 0.470080 0.000025 0.882624 
5.687411 0.497730 0.000025 0.867332 
5.726620 0.526567 0.000026 0.850134 
5.765828 0.556541 0.000026 0.830820 
5.805037 0.587579 0.000027 0.809167 
5.844246 0.619577 0.000027 0.784936 
5.883454 0.652395 0.000028 0.757879 
5.922663 0.685852 0.000028 0.727741 
5.961871 0.719719 0.000028 0.694265 
6.001080 0.753717 0.000028 0.657199 
6.040289 0.787509 0.000028 0.616303 
6.079497 0.820699 0.000029 0.571360 
6.118706 0.852829 0.000028 0.522190 
