0.237412 -0.153462 0.000018 0.988154 
0.276620 -0.128281 0.000019 0.991738 
0.315829 -0.108982 0.000020 0.994044 
0.355038 -0.093737 0.000022 0.995597 
0.394246 -0.081410 0.000023 0.996681 
0.433455 -0.071256 0.000025 0.997458 
0.472664 -0.062768 0.000027 0.998028 
0.511872 -0.055584 0.000028 0.998454 
0.551081 -0.049442 0.000030 0.998777 
0.590289 -0.044145 0.000033 0.999025 
0.629498 -0.039543 0.000035 0.999218 
0.668707 -0.035519 0.000037 0.999369 
0.707915 -0.031982 0.000039 0.999488 
0.747124 -0.028858 0.000041 0.999584 
0.786333 -0.026086 0.000043 0.999660 
0.825541 -0.023617 0.000045 0.999721 
0.864750 -0.021411 0.000047 0.999771 
0.903958 -0.019434 0.000049 0.999811 
0.943167 -0.017656 0.000051 0.999844 
0.982376 -0.016054 0.000053 0.999871 
1.021584 -0.014606 0.000055 0.999893 
1.060793 -0.013295 0.000056 0.999912 
1.100002 -0.012106 0.000058 0.999927 
1.139210 -0.011024 0.000059 0.999939 
1.178419 -0.010038 0.000060 0.999950 
1.217627 -0.009138 0.000060 0.999958 
1.256836 -0.008315 0.000061 0.999965 
1.296045 -0.007561 0.000061 0.999971 
1.335253 -0.006868 0.000061 0.999976 
1.374462 -0.006230 0.000060 0.999981 
1.413671 -0.005642 0.000060 0.999984 
1.452879 -0.005099 0.000059 0.999987 
1.492088 -0.004596 0.000058 0.999989 
1.531296 -0.004129 0.000056 0.999991 
1.570505 -0.003694 0.000054 0.999993 
1.609714 -0.003288 0.000052 0.999995 
1.648922 -0.002908 0.000050 0.999996 
1.688131 -0.002552 0.000047 0.999997 
1.727340 -0.002215 0.000044 0.999998 
1.766548 -0.001897 0.000041 0.999998 
1.805757 -0.001595 0.000038 0.999999 
1.844966 -0.001307 0.000034 0.999999 
1.884174 -0.001031 0.000030 0.999999 
1.923383 -0.000766 0.000026 1.000000 
1.962591 -0.000510 0.000022 1.000000 
2.001800 -0.000260 0.000018 1.000000 
2.041009 -0.000017 0.000014 1.000000 
2.080217 0.000222 0.000009 1.000000 
2.119426 0.000457 0.000005 1.000000 
2.158635 0.000691 0.000000 1.000000 
2.197843 0.000924 -0.000004 1.000000 
2.237052 0.001158 -0.000009 0.999999 
2.276260 0.001393 -0.000013 0.999999 
2.315469 0.001631 -0.000017 0.999999 
2.354678 0.001873 -0.000022 0.999998 
2.393886 0.002120 -0.000026 0.999998 
2.433095 0.002373 -0.000030 0.999997 
2.472304 0.002633 -0.000034 0.999997 
2.511512 0.002902 -0.000038 0.999996 
2.550721 0.003180 -0.000041 0.999995 
2.589929 0.003469 -0.000044 0.999994 
2.629138 0.003769 -0.000048 0.999993 
2.668347 0.004083 -0.000051 0.999992 
2.707555 0.004411 -0.000053 0.999990 
2.746764 0.004755 -0.000056 0.999989 
2.785973 0.005115 -0.000058 0.999987 
2.825181 0.005494 -0.000060 0.999985 
2.864390 0.005893 -0.000062 0.999983 
2.903598 0.006313 -0.000064 0.999980 
2.942807 0.006756 -0.000065 0.999977 
2.982016 0.007223 -0.000066 0.999974 
3.021224 0.007717 -0.000067 0.999970 
3.060433 0.008239 -0.000068 0.999966 
3.099642 0.008791 -0.000069 0.999961 
3.138850 0.009376 -0.000069 0.999956 
3.178059 0.009994 -0.000069 0.999950 
3.217267 0.010650 -0.000069 0.999943 
3.256476 0.011344 -0.000069 0.999936 
3.295685 0.012081 -0.000068 0.999927 
3.334893 0.012862 -0.000068 0.999917 
3.374102 0.013690 -0.000067 0.999906 
3.413311 0.014569 -0.000066 0.999894 
3.452519 0.015502 -0.000065 0.999880 
3.491728 0.016492 -0.000064 0.999864 
3.530936 0.017543 -0.000062 0.999846 
3.570145 0.018659 -0.000061 0.999826 
3.609354 0.019844 -0.000059 0.999803 
3.648562 0.021103 -0.000058 0.999777 
3.687771 0.022440 -0.000056 0.999748 
3.726980 0.023861 -0.000054 0.999715 
3.766188 0.025371 -0.000052 0.999678 
3.805397 0.026975 -0.000050 0.999636 
3.844606 0.028680 -0.000048 0.999589 
3.883814 0.030493 -0.000046 0.999535 
3.923023 0.032419 -0.000044 0.999474 
3.962231 0.034468 -0.000042 0.999406 
4.001440 0.036645 -0.000039 0.999328 
4.040649 0.038961 -0.000037 0.999241 
4.079857 0.041423 -0.000035 0.999142 
4.119066 0.044041 -0.000033 0.999030 
4.158275 0.046826 -0.000031 0.998903 
4.197483 0.049788 -0.000028 0.998760 
4.236692 0.052937 -0.000026 0.998598 
4.275900 0.056288 -0.000024 0.998415 
4.315109 0.059852 -0.000022 0.998207 
4.354318 0.063643 -0.000020 0.997973 
4.393526 0.067676 -0.000018 0.997707 
4.432735 0.071967 -0.000016 0.997407 
4.471944 0.076531 -0.000014 0.997067 
4.511152 0.081387 -0.000012 0.996683 
4.550361 0.086554 -0.000011 0.996247 
4.589569 0.092050 -0.000009 0.995754 
4.628778 0.097898 -0.000007 0.995196 
4.667987 0.104119 -0.000005 0.994565 
4.707195 0.110738 -0.000004 0.993850 
4.746404 0.117778 -0.000002 0.993040 
4.785613 0.125268 -0.000001 0.992123 
4.824821 0.133234 0.000001 0.991085 
4.864030 0.141707 0.000002 0.989909 
4.903238 0.150718 0.000003 0.988577 
4.942447 0.160300 0.000005 0.987068 
4.981656 0.170487 0.000006 0.985360 
5.020864 0.181315 0.000007 0.983425 
5.060073 0.192822 0.000008 0.981234 
5.099282 0.205048 0.000010 0.978752 
5.138490 0.218032 0.000011 0.975942 
5.177699 0.231818 0.000012 0.972759 
5.216907 0.246448 0.000013 0.969156 
5.256116 0.261966 0.000014 0.965077 
5.295325 0.278417 0.000015 0.960460 
5.334533 0.295844 0.000016 0.955236 
5.373742 0.314290 0.000017 0.949327 
5.412951 0.333799 0.000018 0.942644 
5.452159 0.354408 0.000019 0.935091 
5.491368 0.376154 0.000020 0.926557 
5.530576 0.399067 0.000020 0.916922 
5.569785 0.423171 0.000021 0.906050 
5.608994 0.448479 0.000022 0.893793 
5.648202 0.474995 0.000023 0.879988 
5.687411 0.502707 0.000023 0.864457 
5.726620 0.531585 0.000024 0.847005 
5.765828 0.561578 0.000025 0.827424 
5.805037 0.592608 0.000025 0.805491 
5.844246 0.624568 0.000025 0.780970 
5.883454 0.657314 0.000026 0.753617 
5.922663 0.690660 0.000026 0.723180 
5.961871 0.724375 0.000026 0.689407 
6.001080 0.758176 0.000027 0.652050 
6.040289 0.791724 0.000027 0.610878 
6.079497 0.824623 0.000027 0.565683 
6.118706 0.856412 0.000027 0.516293 
