0.237412 -0.151871 0.000014 0.988400 
0.276620 -0.126972 0.000014 0.991906 
0.315829 -0.107891 0.000015 0.994163 
0.355038 -0.092818 0.000016 0.995683 
0.394246 -0.080630 0.000018 0.996744 
0.433455 -0.070591 0.000019 0.997505 
0.472664 -0.062197 0.000021 0.998064 
0.511872 -0.055092 0.000022 0.998481 
0.551081 -0.049016 0.000024 0.998798 
0.590289 -0.043775 0.000026 0.999041 
0.629498 -0.039221 0.000028 0.999231 
0.668707 -0.035239 0.000030 0.999379 
0.707915 -0.031737 0.000032 0.999496 
0.747124 -0.028643 0.000034 0.999590 
0.786333 -0.025897 0.000036 0.999665 
0.825541 -0.023451 0.000038 0.999725 
0.864750 -0.021265 0.000040 0.999774 
0.903958 -0.019304 0.000042 0.999814 
0.943167 -0.017541 0.000044 0.999846 
0.982376 -0.015951 0.000046 0.999873 
1.021584 -0.014514 0.000048 0.999895 
1.060793 -0.013212 0.000049 0.999913 
1.100002 -0.012031 0.000051 0.999928 
1.139210 -0.010955 0.000052 0.999940 
1.178419 -0.009975 0.000053 0.999950 
1.217627 -0.009080 0.000054 0.999959 
1.256836 -0.008261 0.000055 0.999966 
1.296045 -0.007509 0.000055 0.999972 
1.335253 -0.006819 0.000055 0.999977 
1.374462 -0.006183 0.000055 0.999981 
1.413671 -0.005597 0.000055 0.999984 
1.452879 -0.005054 0.000054 0.999987 
1.492088 -0.004552 0.000053 0.999990 
1.531296 -0.004085 0.000052 0.999992 
1.570505 -0.003649 0.000050 0.999993 
1.609714 -0.003243 0.000049 0.999995 
1.648922 -0.002862 0.000047 0.999996 
1.688131 -0.002504 0.000044 0.999997 
1.727340 -0.002166 0.000042 0.999998 
1.766548 -0.001846 0.000039 0.999998 
1.805757 -0.001541 0.000036 0.999999 
1.844966 -0.001251 0.000033 0.999999 
1.884174 -0.000972 0.000029 1.000000 
1.923383 -0.000704 0.000026 1.000000 
1.962591 -0.000444 0.000022 1.000000 
2.001800 -0.000192 0.000018 1.000000 
2.041009 0.000055 0.000014 1.000000 
2.080217 0.000298 0.000010 1.000000 
2.119426 0.000538 0.000006 1.000000 
2.158635 0.000776 0.000001 1.000000 
2.197843 0.001014 -0.000003 0.999999 
2.237052 0.001253 -0.000007 0.999999 
2.276260 0.001493 -0.000011 0.999999 
2.315469 0.001737 -0.000015 0.999998 
2.354678 0.001985 -0.000019 0.999998 
2.393886 0.002238 -0.000023 0.999997 
2.433095 0.002498 -0.000027 0.999997 
2.472304 0.002765 -0.000031 0.999996 
2.511512 0.003041 -0.000034 0.999995 
2.550721 0.003327 -0.000038 0.999994 
2.589929 0.003624 -0.000041 0.999993 
2.629138 0.003933 -0.000044 0.999992 
2.668347 0.004256 -0.000047 0.999991 
2.707555 0.004593 -0.000050 0.999989 
2.746764 0.004947 -0.000053 0.999988 
2.785973 0.005318 -0.000055 0.999986 
2.825181 0.005708 -0.000057 0.999984 
2.864390 0.006118 -0.000059 0.999981 
2.903598 0.006550 -0.000061 0.999979 
2.942807 0.007005 -0.000062 0.999975 
2.982016 0.007486 -0.000064 0.999972 
3.021224 0.007994 -0.000065 0.999968 
3.060433 0.008531 -0.000066 0.999964 
3.099642 0.009099 -0.000066 0.999959 
3.138850 0.009699 -0.000067 0.999953 
3.178059 0.010335 -0.000067 0.999947 
3.217267 0.011008 -0.000067 0.999939 
3.256476 0.011722 -0.000067 0.999931 
3.295685 0.012478 -0.000067 0.999922 
3.334893 0.013279 -0.000067 0.999912 
3.374102 0.014129 -0.000066 0.999900 
3.413311 0.015030 -0.000066 0.999887 
3.452519 0.015987 -0.000065 0.999872 
3.491728 0.017001 -0.000064 0.999855 
3.530936 0.018078 -0.000063 0.999837 
3.570145 0.019222 -0.000062 0.999815 
3.609354 0.020435 -0.000060 0.999791 
3.648562 0.021724 -0.000059 0.999764 
3.687771 0.023093 -0.000057 0.999733 
3.726980 0.024546 -0.000056 0.999699 
3.766188 0.026090 -0.000054 0.999660 
3.805397 0.027731 -0.000052 0.999615 
3.844606 0.029474 -0.000051 0.999566 
3.883814 0.031325 -0.000049 0.999509 
3.923023 0.033293 -0.000047 0.999446 
3.962231 0.035384 -0.000045 0.999374 
4.001440 0.037607 -0.000043 0.999293 
4.040649 0.039970 -0.000041 0.999201 
4.079857 0.042481 -0.000039 0.999097 
4.119066 0.045151 -0.000037 0.998980 
4.158275 0.047989 -0.000035 0.998848 
4.197483 0.051006 -0.000033 0.998698 
4.236692 0.054215 -0.000030 0.998529 
4.275900 0.057626 -0.000028 0.998338 
4.315109 0.061254 -0.000026 0.998122 
4.354318 0.065111 -0.000025 0.997878 
4.393526 0.069214 -0.000023 0.997602 
4.432735 0.073576 -0.000021 0.997290 
4.471944 0.078216 -0.000019 0.996936 
4.511152 0.083150 -0.000017 0.996537 
4.550361 0.088398 -0.000015 0.996085 
4.589569 0.093979 -0.000013 0.995574 
4.628778 0.099914 -0.000012 0.994996 
4.667987 0.106226 -0.000010 0.994342 
4.707195 0.112939 -0.000008 0.993602 
4.746404 0.120078 -0.000007 0.992764 
4.785613 0.127669 -0.000005 0.991817 
4.824821 0.135741 -0.000004 0.990744 
4.864030 0.144322 -0.000002 0.989531 
4.903238 0.153445 -0.000001 0.988157 
4.942447 0.163142 0.000000 0.986603 
4.981656 0.173447 0.000002 0.984843 
5.020864 0.184397 0.000003 0.982852 
5.060073 0.196029 0.000005 0.980598 
5.099282 0.208382 0.000006 0.978048 
5.138490 0.221496 0.000007 0.975161 
5.177699 0.235414 0.000008 0.971895 
5.216907 0.250177 0.000010 0.968200 
5.256116 0.265830 0.000011 0.964020 
5.295325 0.282414 0.000012 0.959292 
5.334533 0.299975 0.000013 0.953947 
5.373742 0.318554 0.000014 0.947905 
5.412951 0.338193 0.000015 0.941077 
5.452159 0.358928 0.000016 0.933365 
5.491368 0.380794 0.000017 0.924660 
5.530576 0.403820 0.000018 0.914839 
5.569785 0.428027 0.000019 0.903766 
5.608994 0.453427 0.000020 0.891293 
5.648202 0.480020 0.000021 0.877257 
5.687411 0.507793 0.000021 0.861479 
5.726620 0.536711 0.000022 0.843766 
5.765828 0.566720 0.000023 0.823911 
5.805037 0.597739 0.000023 0.801691 
5.844246 0.629656 0.000024 0.776874 
5.883454 0.662324 0.000024 0.749217 
5.922663 0.695554 0.000024 0.718474 
5.961871 0.729110 0.000025 0.684396 
6.001080 0.762707 0.000025 0.646744 
6.040289 0.796003 0.000025 0.605292 
6.079497 0.828601 0.000025 0.559840 
6.118706 0.860040 0.000025 0.510226 
